0,2,{}
0,3,{}
0,4,{}
0,13,{}
0,25,{}
0,39,{}
0,57,{}
0,74,{}
0,80,{}
0,84,{}
0,87,{}
0,128,{}
0,136,{}
0,137,{}
0,139,{}
0,140,{}
0,141,{}
0,151,{}
0,168,{}
0,195,{}
0,200,{}
0,203,{}
0,210,{}
0,219,{}
0,248,{}
1,35,{}
1,45,{}
1,80,{}
1,105,{}
1,111,{}
1,113,{}
1,117,{}
1,135,{}
1,147,{}
1,184,{}
1,187,{}
1,195,{}
1,210,{}
1,216,{}
1,223,{}
1,235,{}
1,242,{}
1,67,{}
1,222,{}
2,22,{}
2,26,{}
2,32,{}
2,42,{}
2,51,{}
2,58,{}
2,89,{}
2,94,{}
2,108,{}
2,115,{}
2,143,{}
2,194,{}
2,224,{}
2,232,{}
2,235,{}
2,237,{}
2,239,{}
2,247,{}
2,241,{}
2,13,{}
2,53,{}
2,124,{}
2,142,{}
2,78,{}
2,238,{}
3,31,{}
3,40,{}
3,45,{}
3,49,{}
3,52,{}
3,67,{}
3,74,{}
3,81,{}
3,85,{}
3,87,{}
3,88,{}
3,112,{}
3,124,{}
3,129,{}
3,144,{}
3,174,{}
3,203,{}
3,226,{}
3,225,{}
4,5,{}
4,13,{}
4,18,{}
4,20,{}
4,26,{}
4,30,{}
4,58,{}
4,64,{}
4,65,{}
4,67,{}
4,69,{}
4,81,{}
4,83,{}
4,108,{}
4,132,{}
4,151,{}
4,154,{}
4,165,{}
4,169,{}
4,172,{}
4,195,{}
4,220,{}
4,225,{}
4,226,{}
4,237,{}
4,239,{}
4,243,{}
4,248,{}
4,185,{}
5,22,{}
5,30,{}
5,48,{}
5,52,{}
5,56,{}
5,82,{}
5,86,{}
5,110,{}
5,114,{}
5,122,{}
5,126,{}
5,136,{}
5,137,{}
5,148,{}
5,151,{}
5,176,{}
5,184,{}
5,199,{}
5,207,{}
5,214,{}
5,230,{}
6,11,{}
6,71,{}
6,85,{}
6,104,{}
6,107,{}
6,120,{}
6,132,{}
6,134,{}
6,140,{}
6,145,{}
6,155,{}
6,182,{}
6,193,{}
6,201,{}
6,203,{}
6,56,{}
6,22,{}
6,18,{}
6,195,{}
7,11,{}
7,22,{}
7,44,{}
7,58,{}
7,68,{}
7,83,{}
7,100,{}
7,112,{}
7,136,{}
7,138,{}
7,147,{}
7,162,{}
7,180,{}
7,189,{}
7,202,{}
7,218,{}
7,57,{}
7,229,{}
7,228,{}
8,37,{}
8,45,{}
8,66,{}
8,70,{}
8,94,{}
8,106,{}
8,133,{}
8,146,{}
8,147,{}
8,150,{}
8,152,{}
8,158,{}
8,162,{}
8,175,{}
8,176,{}
8,178,{}
8,188,{}
8,192,{}
8,226,{}
8,236,{}
8,89,{}
9,72,{}
9,80,{}
9,97,{}
9,98,{}
9,101,{}
9,104,{}
9,120,{}
9,121,{}
9,131,{}
9,133,{}
9,144,{}
9,151,{}
9,203,{}
9,208,{}
9,209,{}
9,226,{}
9,227,{}
9,247,{}
9,10,{}
9,79,{}
9,211,{}
10,23,{}
10,28,{}
10,42,{}
10,44,{}
10,49,{}
10,63,{}
10,65,{}
10,66,{}
10,70,{}
10,71,{}
10,73,{}
10,85,{}
10,86,{}
10,88,{}
10,92,{}
10,93,{}
10,100,{}
10,109,{}
10,116,{}
10,125,{}
10,127,{}
10,132,{}
10,134,{}
10,141,{}
10,147,{}
10,168,{}
10,172,{}
10,177,{}
10,180,{}
10,187,{}
10,210,{}
10,213,{}
10,227,{}
10,241,{}
10,214,{}
10,15,{}
11,14,{}
11,21,{}
11,25,{}
11,37,{}
11,58,{}
11,85,{}
11,90,{}
11,91,{}
11,107,{}
11,108,{}
11,118,{}
11,138,{}
11,152,{}
11,173,{}
11,212,{}
11,224,{}
11,225,{}
11,230,{}
11,234,{}
11,140,{}
11,86,{}
12,16,{}
12,22,{}
12,42,{}
12,52,{}
12,55,{}
12,72,{}
12,78,{}
12,95,{}
12,96,{}
12,105,{}
12,106,{}
12,115,{}
12,133,{}
12,142,{}
12,150,{}
12,152,{}
12,158,{}
12,164,{}
12,167,{}
12,173,{}
12,185,{}
12,187,{}
12,188,{}
12,189,{}
12,197,{}
12,201,{}
12,212,{}
12,224,{}
12,234,{}
12,240,{}
12,146,{}
12,102,{}
12,117,{}
12,104,{}
12,79,{}
12,53,{}
13,63,{}
13,108,{}
13,111,{}
13,130,{}
13,155,{}
13,163,{}
13,167,{}
13,197,{}
13,203,{}
13,209,{}
13,232,{}
13,243,{}
13,227,{}
13,154,{}
13,77,{}
14,21,{}
14,29,{}
14,37,{}
14,58,{}
14,66,{}
14,82,{}
14,97,{}
14,107,{}
14,111,{}
14,147,{}
14,160,{}
14,174,{}
14,237,{}
14,243,{}
14,248,{}
14,199,{}
14,42,{}
14,46,{}
14,106,{}
15,26,{}
15,45,{}
15,46,{}
15,53,{}
15,55,{}
15,56,{}
15,57,{}
15,80,{}
15,91,{}
15,94,{}
15,96,{}
15,110,{}
15,119,{}
15,145,{}
15,153,{}
15,161,{}
15,165,{}
15,178,{}
15,196,{}
15,226,{}
15,233,{}
15,105,{}
15,77,{}
15,222,{}
15,137,{}
16,23,{}
16,45,{}
16,49,{}
16,60,{}
16,70,{}
16,77,{}
16,81,{}
16,83,{}
16,98,{}
16,104,{}
16,109,{}
16,119,{}
16,135,{}
16,153,{}
16,156,{}
16,162,{}
16,193,{}
16,222,{}
16,240,{}
17,43,{}
17,51,{}
17,52,{}
17,61,{}
17,71,{}
17,158,{}
17,163,{}
17,166,{}
17,179,{}
17,199,{}
17,213,{}
17,215,{}
17,217,{}
17,220,{}
17,176,{}
17,227,{}
17,161,{}
18,34,{}
18,56,{}
18,75,{}
18,78,{}
18,96,{}
18,130,{}
18,139,{}
18,140,{}
18,148,{}
18,183,{}
18,184,{}
18,193,{}
18,209,{}
18,213,{}
18,215,{}
18,217,{}
18,102,{}
18,59,{}
19,23,{}
19,27,{}
19,39,{}
19,45,{}
19,60,{}
19,69,{}
19,79,{}
19,97,{}
19,99,{}
19,100,{}
19,112,{}
19,114,{}
19,117,{}
19,120,{}
19,123,{}
19,125,{}
19,134,{}
19,146,{}
19,164,{}
19,179,{}
19,186,{}
19,204,{}
19,211,{}
19,229,{}
19,232,{}
19,245,{}
19,246,{}
19,248,{}
19,235,{}
19,191,{}
20,28,{}
20,33,{}
20,44,{}
20,54,{}
20,57,{}
20,65,{}
20,69,{}
20,74,{}
20,75,{}
20,82,{}
20,103,{}
20,114,{}
20,116,{}
20,148,{}
20,155,{}
20,159,{}
20,162,{}
20,168,{}
20,176,{}
20,191,{}
20,195,{}
20,199,{}
20,222,{}
20,226,{}
20,235,{}
20,119,{}
20,188,{}
21,38,{}
21,57,{}
21,59,{}
21,68,{}
21,104,{}
21,118,{}
21,119,{}
21,148,{}
21,160,{}
21,162,{}
21,164,{}
21,165,{}
21,180,{}
21,194,{}
21,206,{}
21,218,{}
21,221,{}
21,238,{}
21,168,{}
21,240,{}
22,26,{}
22,36,{}
22,38,{}
22,43,{}
22,48,{}
22,59,{}
22,68,{}
22,72,{}
22,84,{}
22,85,{}
22,90,{}
22,93,{}
22,99,{}
22,154,{}
22,162,{}
22,164,{}
22,165,{}
22,168,{}
22,180,{}
22,191,{}
22,199,{}
22,223,{}
22,225,{}
22,235,{}
22,28,{}
22,142,{}
22,226,{}
22,203,{}
23,49,{}
23,54,{}
23,55,{}
23,74,{}
23,82,{}
23,128,{}
23,157,{}
23,170,{}
23,179,{}
23,187,{}
23,201,{}
23,204,{}
23,210,{}
23,213,{}
23,227,{}
23,233,{}
23,248,{}
23,34,{}
23,244,{}
24,44,{}
24,47,{}
24,50,{}
24,51,{}
24,60,{}
24,93,{}
24,114,{}
24,117,{}
24,154,{}
24,158,{}
24,172,{}
24,182,{}
24,184,{}
24,202,{}
24,225,{}
24,226,{}
24,151,{}
24,58,{}
24,139,{}
24,193,{}
25,34,{}
25,41,{}
25,43,{}
25,52,{}
25,60,{}
25,61,{}
25,77,{}
25,83,{}
25,93,{}
25,96,{}
25,98,{}
25,105,{}
25,113,{}
25,114,{}
25,115,{}
25,117,{}
25,131,{}
25,139,{}
25,142,{}
25,155,{}
25,156,{}
25,163,{}
25,175,{}
25,181,{}
25,194,{}
25,206,{}
25,211,{}
25,226,{}
25,234,{}
25,248,{}
25,47,{}
25,92,{}
25,55,{}
26,54,{}
26,70,{}
26,91,{}
26,104,{}
26,111,{}
26,113,{}
26,140,{}
26,142,{}
26,158,{}
26,160,{}
26,162,{}
26,191,{}
26,198,{}
26,199,{}
26,211,{}
26,225,{}
26,235,{}
26,244,{}
26,247,{}
26,248,{}
26,154,{}
26,167,{}
26,174,{}
26,49,{}
27,32,{}
27,35,{}
27,36,{}
27,55,{}
27,64,{}
27,68,{}
27,86,{}
27,90,{}
27,91,{}
27,98,{}
27,105,{}
27,112,{}
27,134,{}
27,142,{}
27,152,{}
27,160,{}
27,167,{}
27,171,{}
27,195,{}
27,199,{}
27,217,{}
27,234,{}
27,240,{}
27,245,{}
28,31,{}
28,44,{}
28,71,{}
28,75,{}
28,131,{}
28,132,{}
28,151,{}
28,153,{}
28,156,{}
28,161,{}
28,170,{}
28,184,{}
28,192,{}
28,221,{}
28,236,{}
28,166,{}
28,164,{}
28,225,{}
28,58,{}
29,32,{}
29,38,{}
29,53,{}
29,74,{}
29,76,{}
29,84,{}
29,89,{}
29,99,{}
29,103,{}
29,122,{}
29,124,{}
29,138,{}
29,141,{}
29,164,{}
29,172,{}
29,175,{}
29,199,{}
29,202,{}
29,206,{}
29,226,{}
29,229,{}
29,238,{}
29,210,{}
29,177,{}
30,31,{}
30,33,{}
30,52,{}
30,67,{}
30,84,{}
30,98,{}
30,100,{}
30,118,{}
30,127,{}
30,133,{}
30,141,{}
30,157,{}
30,195,{}
30,220,{}
30,226,{}
30,245,{}
30,246,{}
30,155,{}
30,44,{}
31,51,{}
31,52,{}
31,54,{}
31,63,{}
31,67,{}
31,76,{}
31,80,{}
31,100,{}
31,101,{}
31,108,{}
31,134,{}
31,175,{}
31,190,{}
31,194,{}
31,203,{}
31,231,{}
31,240,{}
31,115,{}
31,155,{}
31,73,{}
31,104,{}
32,43,{}
32,45,{}
32,58,{}
32,62,{}
32,86,{}
32,97,{}
32,110,{}
32,132,{}
32,162,{}
32,179,{}
32,191,{}
32,203,{}
32,241,{}
32,123,{}
32,41,{}
32,209,{}
32,187,{}
32,98,{}
33,38,{}
33,74,{}
33,98,{}
33,112,{}
33,117,{}
33,124,{}
33,132,{}
33,151,{}
33,158,{}
33,163,{}
33,181,{}
33,197,{}
33,221,{}
33,225,{}
33,246,{}
33,153,{}
34,68,{}
34,78,{}
34,86,{}
34,102,{}
34,110,{}
34,120,{}
34,129,{}
34,134,{}
34,141,{}
34,146,{}
34,153,{}
34,168,{}
34,198,{}
34,206,{}
34,211,{}
34,219,{}
34,94,{}
34,156,{}
34,180,{}
34,43,{}
35,45,{}
35,66,{}
35,91,{}
35,116,{}
35,117,{}
35,146,{}
35,166,{}
35,174,{}
35,179,{}
35,180,{}
35,181,{}
35,201,{}
35,236,{}
35,243,{}
35,186,{}
35,249,{}
35,37,{}
36,48,{}
36,53,{}
36,84,{}
36,114,{}
36,126,{}
36,131,{}
36,144,{}
36,149,{}
36,150,{}
36,158,{}
36,169,{}
36,211,{}
36,221,{}
36,224,{}
36,241,{}
36,108,{}
36,37,{}
36,210,{}
36,85,{}
37,45,{}
37,46,{}
37,48,{}
37,67,{}
37,76,{}
37,83,{}
37,88,{}
37,115,{}
37,122,{}
37,125,{}
37,142,{}
37,153,{}
37,174,{}
37,178,{}
37,200,{}
37,207,{}
37,197,{}
38,40,{}
38,48,{}
38,70,{}
38,76,{}
38,77,{}
38,91,{}
38,96,{}
38,108,{}
38,122,{}
38,132,{}
38,142,{}
38,157,{}
38,163,{}
38,170,{}
38,186,{}
38,201,{}
38,203,{}
38,206,{}
38,226,{}
38,230,{}
38,233,{}
38,181,{}
38,143,{}
38,212,{}
38,248,{}
38,232,{}
38,151,{}
39,47,{}
39,67,{}
39,75,{}
39,76,{}
39,101,{}
39,108,{}
39,112,{}
39,128,{}
39,131,{}
39,147,{}
39,148,{}
39,162,{}
39,178,{}
39,201,{}
39,202,{}
39,207,{}
39,216,{}
39,217,{}
39,236,{}
39,192,{}
39,71,{}
39,174,{}
40,60,{}
40,66,{}
40,77,{}
40,111,{}
40,116,{}
40,120,{}
40,128,{}
40,141,{}
40,143,{}
40,146,{}
40,147,{}
40,196,{}
40,200,{}
40,201,{}
40,231,{}
40,233,{}
40,243,{}
40,245,{}
40,175,{}
41,45,{}
41,51,{}
41,61,{}
41,66,{}
41,97,{}
41,108,{}
41,128,{}
41,137,{}
41,138,{}
41,147,{}
41,163,{}
41,168,{}
41,214,{}
41,223,{}
41,231,{}
41,220,{}
41,82,{}
41,195,{}
41,124,{}
42,45,{}
42,57,{}
42,77,{}
42,95,{}
42,99,{}
42,143,{}
42,148,{}
42,190,{}
42,196,{}
42,198,{}
42,200,{}
42,214,{}
42,217,{}
42,218,{}
42,219,{}
42,238,{}
42,243,{}
42,123,{}
42,247,{}
42,46,{}
43,57,{}
43,70,{}
43,94,{}
43,109,{}
43,123,{}
43,135,{}
43,158,{}
43,165,{}
43,172,{}
43,196,{}
43,198,{}
43,207,{}
43,238,{}
43,112,{}
43,210,{}
44,49,{}
44,50,{}
44,65,{}
44,70,{}
44,71,{}
44,76,{}
44,102,{}
44,118,{}
44,121,{}
44,129,{}
44,130,{}
44,154,{}
44,163,{}
44,173,{}
44,175,{}
44,193,{}
44,197,{}
44,214,{}
44,215,{}
44,218,{}
44,225,{}
44,230,{}
44,248,{}
45,51,{}
45,58,{}
45,62,{}
45,65,{}
45,66,{}
45,86,{}
45,91,{}
45,95,{}
45,101,{}
45,108,{}
45,111,{}
45,113,{}
45,129,{}
45,139,{}
45,144,{}
45,169,{}
45,183,{}
45,195,{}
45,206,{}
45,212,{}
45,213,{}
45,231,{}
46,67,{}
46,86,{}
46,91,{}
46,112,{}
46,115,{}
46,126,{}
46,135,{}
46,137,{}
46,141,{}
46,153,{}
46,162,{}
46,171,{}
46,177,{}
46,185,{}
46,190,{}
46,192,{}
46,194,{}
46,197,{}
46,217,{}
46,239,{}
46,240,{}
46,56,{}
46,210,{}
46,191,{}
46,114,{}
47,50,{}
47,56,{}
47,62,{}
47,67,{}
47,70,{}
47,96,{}
47,97,{}
47,114,{}
47,115,{}
47,126,{}
47,129,{}
47,139,{}
47,149,{}
47,166,{}
47,171,{}
47,194,{}
47,200,{}
47,206,{}
47,212,{}
47,213,{}
47,55,{}
47,65,{}
47,156,{}
48,56,{}
48,70,{}
48,74,{}
48,77,{}
48,95,{}
48,103,{}
48,104,{}
48,112,{}
48,140,{}
48,147,{}
48,159,{}
48,177,{}
48,215,{}
48,234,{}
49,55,{}
49,56,{}
49,65,{}
49,78,{}
49,82,{}
49,84,{}
49,88,{}
49,89,{}
49,121,{}
49,145,{}
49,150,{}
49,164,{}
49,182,{}
49,195,{}
49,198,{}
49,202,{}
49,203,{}
49,230,{}
49,236,{}
49,243,{}
49,186,{}
49,234,{}
50,54,{}
50,62,{}
50,64,{}
50,79,{}
50,87,{}
50,101,{}
50,121,{}
50,124,{}
50,136,{}
50,140,{}
50,149,{}
50,150,{}
50,176,{}
50,188,{}
50,210,{}
50,212,{}
50,248,{}
50,135,{}
51,71,{}
51,88,{}
51,103,{}
51,117,{}
51,126,{}
51,149,{}
51,173,{}
51,184,{}
51,192,{}
51,196,{}
51,211,{}
51,216,{}
51,217,{}
51,243,{}
51,102,{}
51,241,{}
51,94,{}
52,54,{}
52,58,{}
52,61,{}
52,75,{}
52,77,{}
52,79,{}
52,106,{}
52,124,{}
52,141,{}
52,157,{}
52,190,{}
52,198,{}
52,235,{}
52,237,{}
52,238,{}
52,241,{}
52,83,{}
52,153,{}
52,101,{}
52,209,{}
52,175,{}
52,90,{}
52,185,{}
53,56,{}
53,70,{}
53,71,{}
53,79,{}
53,102,{}
53,111,{}
53,125,{}
53,133,{}
53,152,{}
53,154,{}
53,167,{}
53,188,{}
53,194,{}
53,199,{}
53,216,{}
53,231,{}
53,120,{}
53,134,{}
53,149,{}
54,55,{}
54,60,{}
54,61,{}
54,64,{}
54,78,{}
54,84,{}
54,85,{}
54,102,{}
54,129,{}
54,134,{}
54,137,{}
54,143,{}
54,151,{}
54,152,{}
54,157,{}
54,158,{}
54,186,{}
54,227,{}
54,231,{}
54,246,{}
54,212,{}
54,239,{}
55,78,{}
55,82,{}
55,91,{}
55,95,{}
55,99,{}
55,131,{}
55,132,{}
55,139,{}
55,158,{}
55,164,{}
55,168,{}
55,175,{}
55,210,{}
55,214,{}
55,238,{}
55,240,{}
55,70,{}
55,66,{}
56,62,{}
56,80,{}
56,84,{}
56,94,{}
56,100,{}
56,106,{}
56,121,{}
56,123,{}
56,134,{}
56,140,{}
56,147,{}
56,176,{}
56,187,{}
56,209,{}
56,227,{}
56,231,{}
56,237,{}
56,239,{}
56,241,{}
56,120,{}
56,238,{}
57,58,{}
57,85,{}
57,90,{}
57,105,{}
57,109,{}
57,112,{}
57,129,{}
57,157,{}
57,167,{}
57,171,{}
57,174,{}
57,183,{}
57,195,{}
57,231,{}
57,234,{}
57,245,{}
57,186,{}
58,65,{}
58,69,{}
58,79,{}
58,80,{}
58,82,{}
58,93,{}
58,98,{}
58,120,{}
58,131,{}
58,142,{}
58,172,{}
58,173,{}
58,174,{}
58,200,{}
58,223,{}
58,88,{}
58,158,{}
58,150,{}
59,63,{}
59,65,{}
59,81,{}
59,99,{}
59,114,{}
59,115,{}
59,138,{}
59,161,{}
59,167,{}
59,171,{}
59,199,{}
59,201,{}
59,213,{}
59,221,{}
59,223,{}
59,226,{}
59,246,{}
59,232,{}
59,225,{}
59,147,{}
60,62,{}
60,77,{}
60,85,{}
60,103,{}
60,111,{}
60,120,{}
60,133,{}
60,134,{}
60,160,{}
60,163,{}
60,195,{}
60,199,{}
60,203,{}
60,246,{}
60,213,{}
60,201,{}
61,65,{}
61,75,{}
61,89,{}
61,107,{}
61,114,{}
61,122,{}
61,123,{}
61,175,{}
61,180,{}
61,181,{}
61,187,{}
61,213,{}
61,224,{}
61,229,{}
61,247,{}
61,136,{}
61,166,{}
61,241,{}
62,73,{}
62,94,{}
62,103,{}
62,104,{}
62,106,{}
62,124,{}
62,128,{}
62,143,{}
62,158,{}
62,162,{}
62,177,{}
62,179,{}
62,190,{}
62,195,{}
62,199,{}
62,217,{}
62,220,{}
62,243,{}
62,232,{}
62,198,{}
62,102,{}
63,81,{}
63,89,{}
63,109,{}
63,116,{}
63,132,{}
63,138,{}
63,140,{}
63,147,{}
63,161,{}
63,166,{}
63,169,{}
63,173,{}
63,184,{}
63,214,{}
63,231,{}
63,236,{}
63,238,{}
63,239,{}
63,191,{}
63,170,{}
64,75,{}
64,86,{}
64,92,{}
64,120,{}
64,122,{}
64,126,{}
64,159,{}
64,188,{}
64,197,{}
64,198,{}
64,224,{}
64,227,{}
64,230,{}
64,231,{}
64,237,{}
64,247,{}
64,203,{}
65,110,{}
65,119,{}
65,121,{}
65,133,{}
65,147,{}
65,148,{}
65,150,{}
65,178,{}
65,188,{}
65,203,{}
65,204,{}
65,226,{}
65,246,{}
65,101,{}
66,67,{}
66,88,{}
66,95,{}
66,132,{}
66,146,{}
66,148,{}
66,171,{}
66,173,{}
66,175,{}
66,185,{}
66,195,{}
66,198,{}
66,221,{}
66,228,{}
66,230,{}
66,249,{}
66,151,{}
66,237,{}
66,150,{}
67,70,{}
67,75,{}
67,86,{}
67,143,{}
67,147,{}
67,152,{}
67,166,{}
67,175,{}
67,183,{}
67,188,{}
67,189,{}
67,207,{}
67,217,{}
67,222,{}
67,229,{}
67,230,{}
67,231,{}
67,247,{}
67,216,{}
68,84,{}
68,92,{}
68,94,{}
68,140,{}
68,152,{}
68,162,{}
68,165,{}
68,186,{}
68,200,{}
68,232,{}
68,240,{}
68,242,{}
68,245,{}
68,247,{}
68,118,{}
68,154,{}
69,70,{}
69,84,{}
69,87,{}
69,102,{}
69,107,{}
69,117,{}
69,138,{}
69,142,{}
69,167,{}
69,186,{}
69,192,{}
69,206,{}
69,217,{}
69,218,{}
69,234,{}
69,235,{}
69,242,{}
69,190,{}
69,224,{}
69,125,{}
69,220,{}
70,82,{}
70,88,{}
70,94,{}
70,102,{}
70,114,{}
70,144,{}
70,168,{}
70,176,{}
70,179,{}
70,184,{}
70,196,{}
70,206,{}
70,232,{}
70,235,{}
70,249,{}
70,230,{}
71,76,{}
71,79,{}
71,91,{}
71,93,{}
71,116,{}
71,125,{}
71,181,{}
71,188,{}
71,195,{}
71,197,{}
71,209,{}
71,220,{}
71,196,{}
71,204,{}
71,174,{}
72,103,{}
72,107,{}
72,113,{}
72,118,{}
72,126,{}
72,128,{}
72,138,{}
72,159,{}
72,166,{}
72,175,{}
72,176,{}
72,185,{}
72,190,{}
72,203,{}
72,208,{}
72,211,{}
72,217,{}
72,223,{}
72,244,{}
72,91,{}
72,74,{}
72,192,{}
73,77,{}
73,78,{}
73,101,{}
73,108,{}
73,114,{}
73,116,{}
73,119,{}
73,125,{}
73,127,{}
73,133,{}
73,135,{}
73,139,{}
73,141,{}
73,146,{}
73,155,{}
73,163,{}
73,168,{}
73,177,{}
73,184,{}
73,200,{}
73,217,{}
73,220,{}
73,221,{}
73,232,{}
73,236,{}
73,240,{}
73,103,{}
73,134,{}
74,96,{}
74,100,{}
74,107,{}
74,117,{}
74,136,{}
74,139,{}
74,165,{}
74,189,{}
74,201,{}
74,206,{}
74,211,{}
74,212,{}
74,222,{}
74,238,{}
74,248,{}
74,202,{}
74,205,{}
75,82,{}
75,98,{}
75,124,{}
75,125,{}
75,127,{}
75,132,{}
75,163,{}
75,207,{}
75,210,{}
75,216,{}
75,229,{}
75,232,{}
75,243,{}
75,85,{}
76,88,{}
76,91,{}
76,106,{}
76,108,{}
76,113,{}
76,125,{}
76,142,{}
76,177,{}
76,187,{}
76,198,{}
76,205,{}
76,207,{}
76,208,{}
76,235,{}
76,242,{}
76,244,{}
76,246,{}
76,172,{}
76,83,{}
76,234,{}
76,170,{}
77,84,{}
77,99,{}
77,105,{}
77,114,{}
77,124,{}
77,126,{}
77,127,{}
77,131,{}
77,148,{}
77,150,{}
77,157,{}
77,163,{}
77,167,{}
77,184,{}
77,212,{}
77,218,{}
77,222,{}
77,224,{}
77,228,{}
77,230,{}
77,233,{}
77,234,{}
77,235,{}
77,237,{}
77,247,{}
77,110,{}
78,81,{}
78,87,{}
78,93,{}
78,96,{}
78,97,{}
78,126,{}
78,134,{}
78,171,{}
78,185,{}
78,188,{}
78,206,{}
78,235,{}
78,241,{}
78,129,{}
79,100,{}
79,106,{}
79,116,{}
79,123,{}
79,133,{}
79,166,{}
79,185,{}
79,188,{}
79,198,{}
79,200,{}
79,207,{}
79,219,{}
79,224,{}
79,228,{}
79,240,{}
79,235,{}
80,102,{}
80,106,{}
80,107,{}
80,108,{}
80,120,{}
80,124,{}
80,131,{}
80,133,{}
80,138,{}
80,140,{}
80,148,{}
80,149,{}
80,153,{}
80,158,{}
80,228,{}
80,170,{}
80,139,{}
81,109,{}
81,113,{}
81,150,{}
81,156,{}
81,201,{}
81,203,{}
81,228,{}
82,108,{}
82,118,{}
82,142,{}
82,143,{}
82,148,{}
82,169,{}
82,170,{}
82,183,{}
82,193,{}
82,238,{}
82,241,{}
82,236,{}
82,157,{}
82,220,{}
83,88,{}
83,104,{}
83,129,{}
83,130,{}
83,166,{}
83,183,{}
83,190,{}
83,198,{}
83,243,{}
83,128,{}
84,100,{}
84,101,{}
84,121,{}
84,182,{}
84,193,{}
84,196,{}
84,204,{}
84,237,{}
84,218,{}
84,168,{}
85,114,{}
85,145,{}
85,155,{}
85,181,{}
85,186,{}
85,191,{}
85,195,{}
85,231,{}
85,234,{}
86,91,{}
86,93,{}
86,125,{}
86,126,{}
86,166,{}
86,171,{}
86,187,{}
86,204,{}
86,205,{}
86,211,{}
86,245,{}
86,233,{}
86,216,{}
86,118,{}
86,231,{}
87,107,{}
87,115,{}
87,116,{}
87,117,{}
87,122,{}
87,154,{}
87,167,{}
87,173,{}
87,175,{}
87,177,{}
87,198,{}
87,199,{}
87,200,{}
87,217,{}
87,221,{}
87,222,{}
87,112,{}
88,89,{}
88,94,{}
88,125,{}
88,126,{}
88,146,{}
88,156,{}
88,169,{}
88,179,{}
88,194,{}
88,199,{}
88,205,{}
88,209,{}
88,137,{}
88,238,{}
88,151,{}
89,90,{}
89,92,{}
89,112,{}
89,134,{}
89,152,{}
89,162,{}
89,173,{}
89,174,{}
89,178,{}
89,191,{}
89,206,{}
89,212,{}
89,232,{}
89,240,{}
90,92,{}
90,101,{}
90,110,{}
90,112,{}
90,115,{}
90,126,{}
90,147,{}
90,170,{}
90,179,{}
90,180,{}
90,191,{}
90,201,{}
90,203,{}
90,226,{}
90,235,{}
90,244,{}
90,217,{}
90,188,{}
90,106,{}
90,97,{}
91,100,{}
91,110,{}
91,116,{}
91,127,{}
91,131,{}
91,141,{}
91,142,{}
91,156,{}
91,174,{}
91,175,{}
91,186,{}
91,191,{}
91,196,{}
91,199,{}
91,210,{}
91,230,{}
91,239,{}
91,177,{}
91,172,{}
92,145,{}
92,157,{}
92,160,{}
92,174,{}
92,180,{}
92,190,{}
92,194,{}
92,214,{}
92,227,{}
92,234,{}
92,237,{}
92,199,{}
92,208,{}
92,153,{}
93,115,{}
93,144,{}
93,147,{}
93,157,{}
93,175,{}
93,177,{}
93,183,{}
93,185,{}
93,189,{}
93,192,{}
93,196,{}
93,230,{}
93,141,{}
93,163,{}
94,100,{}
94,103,{}
94,112,{}
94,121,{}
94,136,{}
94,141,{}
94,144,{}
94,147,{}
94,152,{}
94,175,{}
94,179,{}
94,183,{}
94,188,{}
94,190,{}
94,191,{}
94,215,{}
94,217,{}
94,226,{}
94,238,{}
94,240,{}
94,243,{}
94,246,{}
94,134,{}
95,156,{}
95,161,{}
95,162,{}
95,164,{}
95,166,{}
95,171,{}
95,187,{}
95,189,{}
95,198,{}
95,206,{}
95,228,{}
95,237,{}
95,178,{}
95,144,{}
96,104,{}
96,109,{}
96,111,{}
96,123,{}
96,127,{}
96,130,{}
96,136,{}
96,139,{}
96,150,{}
96,152,{}
96,155,{}
96,157,{}
96,165,{}
96,207,{}
96,219,{}
96,222,{}
96,228,{}
96,237,{}
97,116,{}
97,123,{}
97,133,{}
97,155,{}
97,174,{}
97,176,{}
97,183,{}
97,193,{}
97,197,{}
97,200,{}
97,224,{}
97,237,{}
97,239,{}
98,109,{}
98,112,{}
98,116,{}
98,128,{}
98,134,{}
98,163,{}
98,166,{}
98,183,{}
98,236,{}
98,242,{}
98,133,{}
98,224,{}
98,155,{}
99,121,{}
99,127,{}
99,140,{}
99,150,{}
99,181,{}
99,210,{}
99,217,{}
99,226,{}
99,236,{}
99,112,{}
99,123,{}
100,101,{}
100,109,{}
100,118,{}
100,127,{}
100,142,{}
100,144,{}
100,150,{}
100,154,{}
100,159,{}
100,184,{}
100,185,{}
100,208,{}
100,218,{}
100,219,{}
100,220,{}
100,227,{}
100,245,{}
101,105,{}
101,132,{}
101,141,{}
101,155,{}
101,156,{}
101,174,{}
101,190,{}
101,227,{}
101,231,{}
101,232,{}
101,234,{}
101,238,{}
101,241,{}
101,246,{}
101,109,{}
102,104,{}
102,110,{}
102,117,{}
102,118,{}
102,128,{}
102,131,{}
102,158,{}
102,168,{}
102,171,{}
102,172,{}
102,180,{}
102,223,{}
102,138,{}
102,220,{}
103,125,{}
103,126,{}
103,147,{}
103,156,{}
103,167,{}
103,176,{}
103,184,{}
103,185,{}
103,186,{}
103,194,{}
103,197,{}
103,206,{}
103,219,{}
104,110,{}
104,119,{}
104,128,{}
104,150,{}
104,160,{}
104,162,{}
104,170,{}
104,186,{}
104,195,{}
104,236,{}
104,182,{}
104,168,{}
105,109,{}
105,146,{}
105,157,{}
105,161,{}
105,165,{}
105,204,{}
105,213,{}
105,234,{}
105,135,{}
106,107,{}
106,114,{}
106,122,{}
106,129,{}
106,152,{}
106,153,{}
106,161,{}
106,163,{}
106,168,{}
106,171,{}
106,207,{}
106,224,{}
106,249,{}
106,173,{}
106,143,{}
106,146,{}
107,114,{}
107,138,{}
107,141,{}
107,157,{}
107,158,{}
107,175,{}
107,185,{}
107,194,{}
107,206,{}
107,226,{}
107,229,{}
107,236,{}
108,111,{}
108,146,{}
108,149,{}
108,154,{}
108,164,{}
108,173,{}
108,199,{}
108,218,{}
108,227,{}
108,228,{}
108,231,{}
108,232,{}
108,241,{}
108,197,{}
108,174,{}
109,122,{}
109,131,{}
109,145,{}
109,148,{}
109,167,{}
109,177,{}
109,213,{}
109,229,{}
109,237,{}
109,246,{}
109,155,{}
109,217,{}
110,114,{}
110,124,{}
110,135,{}
110,150,{}
110,153,{}
110,155,{}
110,157,{}
110,165,{}
110,166,{}
110,176,{}
110,177,{}
110,208,{}
110,215,{}
110,236,{}
111,114,{}
111,120,{}
111,147,{}
111,148,{}
111,153,{}
111,168,{}
111,178,{}
111,207,{}
111,217,{}
111,219,{}
111,228,{}
111,233,{}
111,249,{}
111,123,{}
111,163,{}
111,136,{}
112,134,{}
112,135,{}
112,141,{}
112,147,{}
112,158,{}
112,172,{}
112,176,{}
112,183,{}
112,191,{}
112,197,{}
112,199,{}
112,200,{}
112,220,{}
112,221,{}
112,225,{}
112,245,{}
112,247,{}
112,248,{}
112,157,{}
113,123,{}
113,132,{}
113,134,{}
113,147,{}
113,153,{}
113,155,{}
113,185,{}
113,187,{}
113,201,{}
113,216,{}
113,226,{}
113,243,{}
114,115,{}
114,154,{}
114,160,{}
114,163,{}
114,177,{}
114,194,{}
114,196,{}
114,206,{}
114,207,{}
114,208,{}
114,217,{}
114,226,{}
114,170,{}
115,147,{}
115,175,{}
115,187,{}
115,198,{}
115,204,{}
115,242,{}
115,157,{}
115,134,{}
116,120,{}
116,130,{}
116,139,{}
116,147,{}
116,169,{}
116,203,{}
116,207,{}
116,212,{}
116,235,{}
116,244,{}
116,143,{}
117,121,{}
117,140,{}
117,148,{}
117,183,{}
117,195,{}
117,200,{}
117,203,{}
117,212,{}
117,223,{}
117,247,{}
117,125,{}
117,122,{}
117,198,{}
118,119,{}
118,134,{}
118,147,{}
118,177,{}
118,197,{}
118,206,{}
118,209,{}
118,214,{}
118,228,{}
118,219,{}
118,222,{}
118,167,{}
119,141,{}
119,142,{}
119,159,{}
119,167,{}
119,179,{}
119,182,{}
119,198,{}
119,200,{}
119,204,{}
119,211,{}
119,213,{}
119,226,{}
119,230,{}
119,240,{}
119,201,{}
119,132,{}
120,122,{}
120,146,{}
120,152,{}
120,153,{}
120,159,{}
120,162,{}
120,170,{}
120,171,{}
120,179,{}
120,212,{}
120,213,{}
120,226,{}
120,243,{}
120,246,{}
120,249,{}
120,180,{}
121,122,{}
121,140,{}
121,155,{}
121,162,{}
121,164,{}
121,171,{}
121,172,{}
121,181,{}
121,187,{}
121,209,{}
121,223,{}
121,226,{}
121,243,{}
121,142,{}
122,132,{}
122,138,{}
122,152,{}
122,157,{}
122,175,{}
122,179,{}
122,188,{}
122,217,{}
122,220,{}
122,236,{}
122,245,{}
123,131,{}
123,137,{}
123,139,{}
123,149,{}
123,155,{}
123,156,{}
123,157,{}
123,165,{}
123,167,{}
123,168,{}
123,227,{}
123,238,{}
123,239,{}
123,163,{}
123,169,{}
124,127,{}
124,135,{}
124,146,{}
124,153,{}
124,169,{}
124,178,{}
124,182,{}
124,183,{}
124,191,{}
124,197,{}
124,229,{}
124,214,{}
125,133,{}
125,140,{}
125,159,{}
125,160,{}
125,180,{}
125,191,{}
125,207,{}
125,237,{}
125,240,{}
125,141,{}
125,224,{}
126,144,{}
126,152,{}
126,166,{}
126,206,{}
126,208,{}
126,217,{}
126,219,{}
126,231,{}
126,249,{}
127,129,{}
127,133,{}
127,135,{}
127,149,{}
127,151,{}
127,239,{}
127,246,{}
127,166,{}
127,161,{}
128,131,{}
128,143,{}
128,156,{}
128,159,{}
128,188,{}
128,190,{}
128,192,{}
128,195,{}
128,202,{}
128,206,{}
128,209,{}
128,231,{}
128,233,{}
128,234,{}
128,235,{}
128,242,{}
128,197,{}
128,246,{}
129,146,{}
129,159,{}
129,166,{}
129,184,{}
129,196,{}
129,208,{}
129,221,{}
129,229,{}
129,235,{}
130,132,{}
130,141,{}
130,147,{}
130,155,{}
130,177,{}
130,179,{}
130,219,{}
130,233,{}
130,248,{}
130,244,{}
130,222,{}
130,154,{}
131,132,{}
131,134,{}
131,135,{}
131,137,{}
131,142,{}
131,143,{}
131,146,{}
131,148,{}
131,150,{}
131,158,{}
131,160,{}
131,182,{}
131,187,{}
131,189,{}
131,204,{}
131,209,{}
131,229,{}
131,247,{}
132,136,{}
132,143,{}
132,147,{}
132,157,{}
132,158,{}
132,159,{}
132,162,{}
132,179,{}
132,180,{}
132,185,{}
132,204,{}
132,216,{}
132,219,{}
132,230,{}
132,231,{}
132,241,{}
132,245,{}
132,201,{}
133,146,{}
133,176,{}
133,177,{}
133,187,{}
133,188,{}
133,225,{}
133,227,{}
133,142,{}
134,136,{}
134,146,{}
134,152,{}
134,167,{}
134,191,{}
134,195,{}
134,200,{}
134,209,{}
134,211,{}
134,240,{}
134,249,{}
134,151,{}
135,153,{}
135,170,{}
135,171,{}
135,177,{}
135,182,{}
135,189,{}
135,215,{}
135,219,{}
135,224,{}
135,226,{}
135,228,{}
136,145,{}
136,152,{}
136,158,{}
136,176,{}
136,188,{}
136,190,{}
136,209,{}
136,222,{}
136,245,{}
136,212,{}
136,156,{}
137,172,{}
137,192,{}
137,201,{}
137,212,{}
137,223,{}
137,228,{}
138,152,{}
138,155,{}
138,158,{}
138,177,{}
138,183,{}
138,190,{}
138,197,{}
138,246,{}
139,209,{}
139,224,{}
139,236,{}
139,157,{}
140,151,{}
140,158,{}
140,175,{}
140,176,{}
140,179,{}
140,184,{}
140,187,{}
140,208,{}
140,209,{}
140,221,{}
140,244,{}
141,149,{}
141,173,{}
141,174,{}
141,177,{}
141,207,{}
141,217,{}
141,232,{}
141,236,{}
141,246,{}
141,249,{}
141,245,{}
141,191,{}
141,163,{}
142,143,{}
142,144,{}
142,148,{}
142,151,{}
142,161,{}
142,163,{}
142,182,{}
142,204,{}
142,221,{}
142,224,{}
142,230,{}
142,233,{}
142,181,{}
142,164,{}
143,163,{}
143,167,{}
143,171,{}
143,183,{}
143,217,{}
143,223,{}
143,238,{}
143,150,{}
143,235,{}
144,151,{}
144,171,{}
144,174,{}
144,196,{}
144,204,{}
144,223,{}
144,245,{}
145,151,{}
145,152,{}
145,160,{}
145,189,{}
145,196,{}
145,205,{}
145,217,{}
145,229,{}
145,235,{}
145,237,{}
145,244,{}
145,246,{}
145,197,{}
146,157,{}
146,189,{}
146,191,{}
146,205,{}
146,207,{}
146,220,{}
146,183,{}
146,214,{}
146,224,{}
147,148,{}
147,158,{}
147,163,{}
147,184,{}
147,196,{}
147,203,{}
147,205,{}
147,228,{}
147,241,{}
147,243,{}
147,247,{}
147,237,{}
147,193,{}
148,156,{}
148,169,{}
148,194,{}
148,203,{}
148,204,{}
148,206,{}
148,216,{}
148,223,{}
148,235,{}
148,248,{}
149,154,{}
149,159,{}
149,161,{}
149,200,{}
149,204,{}
149,218,{}
149,225,{}
149,244,{}
149,171,{}
150,151,{}
150,153,{}
150,157,{}
150,158,{}
150,170,{}
150,204,{}
150,205,{}
150,208,{}
150,245,{}
150,247,{}
150,237,{}
150,173,{}
151,153,{}
151,186,{}
151,188,{}
151,189,{}
151,192,{}
151,211,{}
151,220,{}
151,236,{}
151,247,{}
151,195,{}
152,161,{}
152,169,{}
152,205,{}
152,210,{}
152,217,{}
152,221,{}
152,247,{}
152,231,{}
152,172,{}
153,161,{}
153,176,{}
153,180,{}
153,188,{}
153,196,{}
153,200,{}
153,238,{}
153,241,{}
153,247,{}
154,158,{}
154,183,{}
154,193,{}
154,201,{}
154,207,{}
154,216,{}
154,222,{}
154,225,{}
154,232,{}
154,233,{}
154,237,{}
154,246,{}
154,248,{}
154,176,{}
155,164,{}
155,188,{}
155,214,{}
155,221,{}
155,231,{}
155,246,{}
155,201,{}
156,159,{}
156,160,{}
156,161,{}
156,164,{}
156,191,{}
156,200,{}
156,207,{}
156,226,{}
156,237,{}
156,240,{}
156,195,{}
156,171,{}
157,171,{}
157,173,{}
157,191,{}
157,208,{}
157,226,{}
157,231,{}
157,232,{}
157,242,{}
157,243,{}
158,160,{}
158,176,{}
158,177,{}
158,184,{}
158,199,{}
158,216,{}
158,218,{}
158,241,{}
158,243,{}
158,244,{}
158,249,{}
159,172,{}
159,219,{}
159,233,{}
159,215,{}
159,231,{}
159,205,{}
160,164,{}
160,175,{}
160,181,{}
160,194,{}
160,199,{}
160,212,{}
160,218,{}
160,222,{}
160,223,{}
160,238,{}
160,186,{}
161,186,{}
161,192,{}
161,209,{}
161,214,{}
161,236,{}
161,247,{}
161,191,{}
162,187,{}
162,188,{}
162,205,{}
162,208,{}
162,237,{}
162,243,{}
162,247,{}
163,168,{}
163,174,{}
163,182,{}
163,185,{}
163,186,{}
163,197,{}
163,198,{}
163,208,{}
163,216,{}
163,229,{}
163,237,{}
163,239,{}
164,192,{}
164,195,{}
164,201,{}
164,202,{}
164,213,{}
164,214,{}
164,216,{}
164,246,{}
165,176,{}
165,184,{}
165,198,{}
165,201,{}
165,206,{}
165,229,{}
165,239,{}
165,241,{}
165,233,{}
165,192,{}
165,215,{}
166,169,{}
166,181,{}
166,188,{}
166,249,{}
167,183,{}
167,198,{}
167,202,{}
167,204,{}
167,210,{}
168,184,{}
168,189,{}
168,192,{}
168,198,{}
168,210,{}
168,218,{}
168,227,{}
168,231,{}
168,235,{}
168,244,{}
168,188,{}
169,181,{}
169,194,{}
169,205,{}
169,206,{}
169,209,{}
169,210,{}
169,216,{}
169,235,{}
169,237,{}
169,249,{}
170,172,{}
170,187,{}
170,190,{}
170,228,{}
170,230,{}
171,181,{}
171,184,{}
171,185,{}
171,217,{}
171,219,{}
171,226,{}
171,234,{}
171,235,{}
171,237,{}
172,182,{}
172,187,{}
172,203,{}
172,226,{}
172,233,{}
172,215,{}
173,187,{}
173,208,{}
173,215,{}
173,220,{}
173,235,{}
174,177,{}
174,181,{}
174,186,{}
174,217,{}
174,222,{}
174,223,{}
174,231,{}
174,237,{}
174,244,{}
174,178,{}
174,216,{}
175,188,{}
175,191,{}
175,206,{}
175,211,{}
175,220,{}
175,234,{}
175,232,{}
175,201,{}
176,199,{}
176,206,{}
176,208,{}
176,217,{}
176,218,{}
176,239,{}
176,240,{}
176,249,{}
176,194,{}
176,245,{}
177,205,{}
177,208,{}
177,218,{}
177,223,{}
177,232,{}
177,233,{}
177,227,{}
177,229,{}
178,183,{}
178,185,{}
178,195,{}
178,228,{}
178,243,{}
178,246,{}
179,186,{}
179,197,{}
179,203,{}
179,226,{}
179,239,{}
180,184,{}
180,194,{}
180,196,{}
180,206,{}
180,225,{}
180,230,{}
180,246,{}
181,183,{}
181,201,{}
181,209,{}
181,212,{}
181,225,{}
181,247,{}
181,208,{}
182,206,{}
182,212,{}
182,227,{}
182,234,{}
182,247,{}
182,199,{}
183,203,{}
183,206,{}
183,209,{}
183,210,{}
183,213,{}
183,224,{}
183,247,{}
184,185,{}
184,203,{}
184,215,{}
184,216,{}
184,222,{}
184,240,{}
184,243,{}
184,248,{}
184,219,{}
185,191,{}
185,195,{}
185,227,{}
185,231,{}
185,242,{}
186,197,{}
186,207,{}
186,209,{}
186,214,{}
186,218,{}
186,227,{}
186,230,{}
186,237,{}
186,246,{}
186,215,{}
187,202,{}
187,204,{}
187,209,{}
187,214,{}
187,218,{}
187,224,{}
187,241,{}
187,245,{}
187,247,{}
188,191,{}
188,193,{}
188,194,{}
188,207,{}
188,212,{}
188,217,{}
188,218,{}
188,228,{}
188,237,{}
189,190,{}
189,192,{}
189,207,{}
189,213,{}
189,232,{}
189,238,{}
189,240,{}
189,242,{}
189,248,{}
190,194,{}
190,207,{}
190,218,{}
190,228,{}
190,244,{}
190,247,{}
190,203,{}
191,195,{}
191,198,{}
191,201,{}
191,207,{}
191,245,{}
191,246,{}
192,201,{}
192,205,{}
192,218,{}
192,229,{}
192,233,{}
192,234,{}
192,237,{}
192,239,{}
193,208,{}
193,222,{}
193,232,{}
194,211,{}
194,236,{}
194,244,{}
194,247,{}
195,199,{}
195,203,{}
195,207,{}
195,211,{}
195,212,{}
195,233,{}
195,239,{}
195,248,{}
195,232,{}
196,203,{}
196,206,{}
196,214,{}
196,216,{}
196,229,{}
196,233,{}
196,235,{}
196,236,{}
196,242,{}
196,248,{}
197,227,{}
197,238,{}
197,249,{}
198,215,{}
198,229,{}
198,232,{}
199,207,{}
199,224,{}
199,238,{}
199,248,{}
199,230,{}
200,201,{}
200,212,{}
200,225,{}
200,241,{}
200,217,{}
201,212,{}
201,216,{}
201,223,{}
201,224,{}
201,234,{}
202,204,{}
202,210,{}
202,218,{}
202,224,{}
202,225,{}
202,237,{}
202,243,{}
202,249,{}
203,213,{}
203,214,{}
203,219,{}
203,233,{}
203,239,{}
204,240,{}
204,249,{}
205,207,{}
205,223,{}
205,236,{}
205,237,{}
205,242,{}
205,248,{}
205,246,{}
206,219,{}
206,231,{}
206,247,{}
206,248,{}
207,231,{}
207,242,{}
207,248,{}
208,210,{}
208,216,{}
208,237,{}
208,224,{}
209,238,{}
209,249,{}
210,216,{}
210,221,{}
210,229,{}
210,241,{}
210,244,{}
211,228,{}
211,232,{}
211,236,{}
211,235,{}
212,225,{}
212,237,{}
212,224,{}
213,221,{}
213,225,{}
214,216,{}
214,222,{}
214,224,{}
214,227,{}
214,232,{}
214,236,{}
214,247,{}
215,220,{}
215,221,{}
215,239,{}
216,222,{}
216,224,{}
216,235,{}
216,242,{}
217,249,{}
217,225,{}
218,220,{}
218,234,{}
218,235,{}
218,238,{}
218,240,{}
220,223,{}
220,230,{}
220,234,{}
220,240,{}
221,226,{}
221,233,{}
221,241,{}
221,249,{}
222,231,{}
222,242,{}
222,223,{}
224,231,{}
224,245,{}
224,241,{}
225,240,{}
226,239,{}
226,245,{}
228,240,{}
228,246,{}
229,248,{}
229,242,{}
230,231,{}
230,241,{}
230,242,{}
231,242,{}
233,244,{}
234,235,{}
234,249,{}
235,245,{}
236,239,{}
236,248,{}
237,240,{}
237,246,{}
237,247,{}
237,241,{}
239,240,{}
239,248,{}
244,249,{}
247,249,{}
