0,10,{}
0,23,{}
0,47,{}
0,49,{}
0,56,{}
0,57,{}
0,70,{}
0,73,{}
0,91,{}
0,93,{}
0,111,{}
0,123,{}
0,126,{}
0,127,{}
0,132,{}
0,134,{}
0,151,{}
0,152,{}
0,208,{}
0,210,{}
0,217,{}
0,224,{}
0,229,{}
0,231,{}
0,236,{}
0,242,{}
1,17,{}
1,52,{}
1,53,{}
1,56,{}
1,57,{}
1,58,{}
1,63,{}
1,85,{}
1,96,{}
1,98,{}
1,127,{}
1,130,{}
1,131,{}
1,140,{}
1,147,{}
1,149,{}
1,153,{}
1,159,{}
1,160,{}
1,166,{}
1,169,{}
1,175,{}
1,186,{}
1,196,{}
1,206,{}
1,213,{}
1,219,{}
1,226,{}
1,236,{}
1,241,{}
1,243,{}
1,244,{}
2,15,{}
2,61,{}
2,66,{}
2,81,{}
2,93,{}
2,97,{}
2,98,{}
2,109,{}
2,113,{}
2,115,{}
2,145,{}
2,159,{}
2,161,{}
2,162,{}
2,177,{}
2,214,{}
2,217,{}
2,231,{}
2,233,{}
2,237,{}
2,249,{}
3,9,{}
3,26,{}
3,38,{}
3,80,{}
3,90,{}
3,97,{}
3,131,{}
3,134,{}
3,137,{}
3,138,{}
3,141,{}
3,149,{}
3,155,{}
3,159,{}
3,170,{}
3,175,{}
3,178,{}
3,185,{}
3,203,{}
3,226,{}
3,228,{}
3,248,{}
4,22,{}
4,23,{}
4,26,{}
4,57,{}
4,73,{}
4,79,{}
4,81,{}
4,89,{}
4,98,{}
4,102,{}
4,104,{}
4,110,{}
4,143,{}
4,166,{}
4,173,{}
4,190,{}
4,208,{}
4,219,{}
4,220,{}
4,228,{}
4,233,{}
4,243,{}
4,244,{}
4,111,{}
4,109,{}
5,15,{}
5,32,{}
5,36,{}
5,38,{}
5,61,{}
5,72,{}
5,88,{}
5,93,{}
5,94,{}
5,96,{}
5,119,{}
5,125,{}
5,140,{}
5,142,{}
5,143,{}
5,151,{}
5,159,{}
5,163,{}
5,201,{}
5,203,{}
5,214,{}
5,216,{}
5,219,{}
5,226,{}
5,247,{}
6,9,{}
6,19,{}
6,38,{}
6,79,{}
6,104,{}
6,109,{}
6,118,{}
6,119,{}
6,145,{}
6,150,{}
6,165,{}
6,170,{}
6,208,{}
6,211,{}
6,231,{}
6,236,{}
6,245,{}
7,32,{}
7,40,{}
7,42,{}
7,54,{}
7,63,{}
7,72,{}
7,73,{}
7,90,{}
7,92,{}
7,98,{}
7,101,{}
7,102,{}
7,104,{}
7,107,{}
7,108,{}
7,115,{}
7,119,{}
7,126,{}
7,134,{}
7,137,{}
7,151,{}
7,162,{}
7,164,{}
7,177,{}
7,186,{}
7,187,{}
7,199,{}
7,208,{}
7,210,{}
7,211,{}
7,215,{}
7,227,{}
7,238,{}
7,239,{}
8,13,{}
8,23,{}
8,40,{}
8,48,{}
8,52,{}
8,68,{}
8,81,{}
8,106,{}
8,117,{}
8,151,{}
8,153,{}
8,167,{}
8,168,{}
8,172,{}
8,183,{}
8,200,{}
8,203,{}
8,204,{}
9,43,{}
9,65,{}
9,80,{}
9,93,{}
9,98,{}
9,115,{}
9,116,{}
9,119,{}
9,123,{}
9,142,{}
9,145,{}
9,150,{}
9,155,{}
9,170,{}
9,188,{}
9,196,{}
9,208,{}
9,235,{}
9,238,{}
9,239,{}
9,249,{}
10,34,{}
10,89,{}
10,135,{}
10,144,{}
10,149,{}
10,167,{}
10,176,{}
10,201,{}
10,209,{}
10,217,{}
10,242,{}
10,39,{}
11,20,{}
11,34,{}
11,44,{}
11,55,{}
11,69,{}
11,93,{}
11,99,{}
11,100,{}
11,107,{}
11,137,{}
11,142,{}
11,160,{}
11,174,{}
11,191,{}
11,193,{}
11,198,{}
11,204,{}
11,208,{}
11,211,{}
11,214,{}
11,221,{}
11,230,{}
11,233,{}
11,234,{}
11,247,{}
11,248,{}
11,31,{}
12,17,{}
12,25,{}
12,33,{}
12,39,{}
12,41,{}
12,54,{}
12,90,{}
12,107,{}
12,112,{}
12,124,{}
12,126,{}
12,156,{}
12,167,{}
12,211,{}
12,215,{}
12,249,{}
13,60,{}
13,65,{}
13,74,{}
13,94,{}
13,96,{}
13,97,{}
13,109,{}
13,123,{}
13,125,{}
13,131,{}
13,137,{}
13,142,{}
13,149,{}
13,170,{}
13,177,{}
13,185,{}
13,186,{}
13,205,{}
13,210,{}
13,213,{}
13,214,{}
13,222,{}
13,227,{}
13,229,{}
14,37,{}
14,43,{}
14,51,{}
14,67,{}
14,69,{}
14,71,{}
14,74,{}
14,87,{}
14,89,{}
14,91,{}
14,93,{}
14,95,{}
14,96,{}
14,103,{}
14,145,{}
14,160,{}
14,169,{}
14,170,{}
14,171,{}
14,180,{}
14,183,{}
14,221,{}
14,224,{}
14,227,{}
14,239,{}
14,240,{}
15,30,{}
15,57,{}
15,64,{}
15,91,{}
15,95,{}
15,99,{}
15,104,{}
15,114,{}
15,134,{}
15,137,{}
15,155,{}
15,169,{}
15,171,{}
15,182,{}
15,225,{}
15,89,{}
16,25,{}
16,59,{}
16,62,{}
16,65,{}
16,66,{}
16,68,{}
16,72,{}
16,76,{}
16,82,{}
16,102,{}
16,107,{}
16,120,{}
16,121,{}
16,153,{}
16,164,{}
16,168,{}
16,188,{}
16,192,{}
16,193,{}
16,194,{}
16,203,{}
16,205,{}
16,211,{}
16,244,{}
16,248,{}
16,109,{}
17,19,{}
17,32,{}
17,41,{}
17,43,{}
17,49,{}
17,59,{}
17,60,{}
17,66,{}
17,70,{}
17,74,{}
17,75,{}
17,82,{}
17,106,{}
17,110,{}
17,114,{}
17,116,{}
17,120,{}
17,129,{}
17,133,{}
17,155,{}
17,157,{}
17,182,{}
17,183,{}
17,185,{}
17,190,{}
17,199,{}
17,213,{}
17,238,{}
18,21,{}
18,30,{}
18,31,{}
18,34,{}
18,36,{}
18,55,{}
18,69,{}
18,95,{}
18,104,{}
18,116,{}
18,120,{}
18,125,{}
18,142,{}
18,147,{}
18,157,{}
18,183,{}
18,187,{}
18,197,{}
18,209,{}
18,224,{}
18,234,{}
18,243,{}
19,28,{}
19,42,{}
19,63,{}
19,86,{}
19,114,{}
19,119,{}
19,122,{}
19,125,{}
19,140,{}
19,142,{}
19,162,{}
19,169,{}
19,172,{}
19,176,{}
19,180,{}
19,185,{}
19,217,{}
19,219,{}
19,243,{}
20,28,{}
20,30,{}
20,43,{}
20,51,{}
20,66,{}
20,82,{}
20,89,{}
20,103,{}
20,107,{}
20,119,{}
20,120,{}
20,136,{}
20,143,{}
20,165,{}
20,178,{}
20,215,{}
20,221,{}
20,241,{}
20,248,{}
21,24,{}
21,25,{}
21,27,{}
21,36,{}
21,59,{}
21,71,{}
21,84,{}
21,87,{}
21,98,{}
21,114,{}
21,121,{}
21,122,{}
21,144,{}
21,148,{}
21,160,{}
21,205,{}
21,212,{}
21,226,{}
21,243,{}
21,247,{}
22,26,{}
22,30,{}
22,31,{}
22,44,{}
22,60,{}
22,66,{}
22,70,{}
22,86,{}
22,92,{}
22,102,{}
22,110,{}
22,114,{}
22,120,{}
22,122,{}
22,126,{}
22,129,{}
22,133,{}
22,148,{}
22,151,{}
22,162,{}
22,177,{}
22,187,{}
22,209,{}
22,210,{}
22,224,{}
22,228,{}
22,230,{}
22,239,{}
22,245,{}
22,249,{}
23,49,{}
23,67,{}
23,82,{}
23,83,{}
23,85,{}
23,96,{}
23,100,{}
23,101,{}
23,105,{}
23,109,{}
23,110,{}
23,112,{}
23,114,{}
23,119,{}
23,141,{}
23,171,{}
23,174,{}
23,179,{}
23,182,{}
23,187,{}
23,193,{}
23,212,{}
23,215,{}
23,248,{}
24,25,{}
24,45,{}
24,48,{}
24,57,{}
24,62,{}
24,66,{}
24,68,{}
24,74,{}
24,80,{}
24,94,{}
24,99,{}
24,120,{}
24,121,{}
24,123,{}
24,129,{}
24,135,{}
24,137,{}
24,140,{}
24,149,{}
24,160,{}
24,165,{}
24,206,{}
24,221,{}
24,222,{}
24,243,{}
25,33,{}
25,39,{}
25,45,{}
25,46,{}
25,58,{}
25,65,{}
25,76,{}
25,79,{}
25,93,{}
25,96,{}
25,97,{}
25,101,{}
25,103,{}
25,104,{}
25,113,{}
25,134,{}
25,140,{}
25,151,{}
25,183,{}
25,197,{}
25,198,{}
25,200,{}
25,210,{}
25,226,{}
25,228,{}
25,236,{}
25,242,{}
26,33,{}
26,79,{}
26,80,{}
26,102,{}
26,108,{}
26,111,{}
26,158,{}
26,204,{}
26,209,{}
26,240,{}
27,36,{}
27,55,{}
27,56,{}
27,85,{}
27,104,{}
27,116,{}
27,117,{}
27,121,{}
27,144,{}
27,151,{}
27,153,{}
27,163,{}
27,183,{}
27,194,{}
27,196,{}
27,204,{}
27,205,{}
27,206,{}
27,208,{}
27,213,{}
27,218,{}
28,55,{}
28,59,{}
28,62,{}
28,130,{}
28,154,{}
28,158,{}
28,163,{}
28,174,{}
28,188,{}
28,196,{}
28,203,{}
28,205,{}
28,209,{}
28,211,{}
28,213,{}
28,239,{}
28,187,{}
29,31,{}
29,40,{}
29,47,{}
29,50,{}
29,56,{}
29,65,{}
29,76,{}
29,86,{}
29,98,{}
29,125,{}
29,139,{}
29,140,{}
29,182,{}
29,194,{}
29,199,{}
29,203,{}
29,204,{}
29,229,{}
29,230,{}
29,234,{}
29,238,{}
29,240,{}
29,121,{}
30,31,{}
30,44,{}
30,49,{}
30,53,{}
30,56,{}
30,58,{}
30,70,{}
30,79,{}
30,82,{}
30,96,{}
30,131,{}
30,132,{}
30,151,{}
30,155,{}
30,168,{}
30,169,{}
30,173,{}
30,180,{}
30,181,{}
30,187,{}
30,191,{}
30,193,{}
30,194,{}
30,198,{}
30,210,{}
30,228,{}
30,231,{}
31,36,{}
31,47,{}
31,60,{}
31,61,{}
31,72,{}
31,85,{}
31,90,{}
31,99,{}
31,114,{}
31,115,{}
31,117,{}
31,131,{}
31,159,{}
31,170,{}
31,194,{}
31,231,{}
32,36,{}
32,40,{}
32,48,{}
32,62,{}
32,71,{}
32,77,{}
32,84,{}
32,108,{}
32,109,{}
32,110,{}
32,145,{}
32,155,{}
32,158,{}
32,162,{}
32,163,{}
32,173,{}
32,178,{}
32,203,{}
32,213,{}
32,214,{}
32,236,{}
32,238,{}
32,239,{}
33,46,{}
33,66,{}
33,95,{}
33,112,{}
33,151,{}
33,201,{}
33,214,{}
33,218,{}
33,221,{}
33,230,{}
33,231,{}
33,245,{}
33,247,{}
33,217,{}
34,37,{}
34,56,{}
34,75,{}
34,76,{}
34,93,{}
34,100,{}
34,103,{}
34,121,{}
34,133,{}
34,155,{}
34,165,{}
34,167,{}
34,191,{}
34,193,{}
34,194,{}
34,200,{}
34,229,{}
34,235,{}
34,249,{}
35,39,{}
35,45,{}
35,49,{}
35,65,{}
35,76,{}
35,84,{}
35,103,{}
35,107,{}
35,111,{}
35,112,{}
35,114,{}
35,115,{}
35,132,{}
35,134,{}
35,152,{}
35,158,{}
35,162,{}
35,177,{}
35,181,{}
35,213,{}
35,218,{}
35,225,{}
35,226,{}
35,232,{}
35,238,{}
36,41,{}
36,52,{}
36,54,{}
36,62,{}
36,65,{}
36,77,{}
36,79,{}
36,82,{}
36,89,{}
36,95,{}
36,96,{}
36,97,{}
36,100,{}
36,103,{}
36,120,{}
36,122,{}
36,135,{}
36,164,{}
36,171,{}
36,174,{}
36,175,{}
36,190,{}
36,212,{}
36,216,{}
36,218,{}
36,224,{}
36,229,{}
36,231,{}
36,235,{}
37,46,{}
37,49,{}
37,59,{}
37,63,{}
37,64,{}
37,90,{}
37,93,{}
37,99,{}
37,103,{}
37,108,{}
37,111,{}
37,150,{}
37,152,{}
37,171,{}
37,180,{}
37,183,{}
37,193,{}
37,195,{}
37,205,{}
37,208,{}
37,223,{}
37,238,{}
37,241,{}
37,245,{}
38,56,{}
38,64,{}
38,74,{}
38,80,{}
38,107,{}
38,113,{}
38,124,{}
38,142,{}
38,144,{}
38,165,{}
38,172,{}
38,184,{}
38,186,{}
38,189,{}
38,217,{}
38,232,{}
38,239,{}
38,243,{}
39,48,{}
39,53,{}
39,86,{}
39,96,{}
39,107,{}
39,119,{}
39,123,{}
39,124,{}
39,128,{}
39,131,{}
39,139,{}
39,141,{}
39,188,{}
39,195,{}
39,212,{}
39,229,{}
39,239,{}
39,248,{}
39,154,{}
40,43,{}
40,62,{}
40,68,{}
40,83,{}
40,90,{}
40,99,{}
40,102,{}
40,122,{}
40,132,{}
40,147,{}
40,148,{}
40,149,{}
40,154,{}
40,157,{}
40,176,{}
40,177,{}
40,181,{}
40,192,{}
40,196,{}
40,213,{}
40,218,{}
40,223,{}
40,225,{}
40,229,{}
40,232,{}
40,244,{}
41,50,{}
41,72,{}
41,116,{}
41,119,{}
41,130,{}
41,149,{}
41,157,{}
41,161,{}
41,186,{}
41,190,{}
41,195,{}
41,215,{}
41,221,{}
41,243,{}
41,247,{}
41,95,{}
42,45,{}
42,46,{}
42,51,{}
42,75,{}
42,79,{}
42,88,{}
42,89,{}
42,92,{}
42,107,{}
42,121,{}
42,122,{}
42,124,{}
42,135,{}
42,136,{}
42,137,{}
42,144,{}
42,156,{}
42,159,{}
42,176,{}
42,186,{}
42,191,{}
42,193,{}
42,194,{}
42,207,{}
42,215,{}
42,228,{}
42,248,{}
43,62,{}
43,66,{}
43,70,{}
43,71,{}
43,75,{}
43,78,{}
43,109,{}
43,111,{}
43,112,{}
43,118,{}
43,121,{}
43,124,{}
43,142,{}
43,143,{}
43,163,{}
43,170,{}
43,176,{}
43,181,{}
43,206,{}
43,229,{}
43,230,{}
43,246,{}
44,50,{}
44,52,{}
44,86,{}
44,90,{}
44,92,{}
44,110,{}
44,119,{}
44,134,{}
44,140,{}
44,144,{}
44,146,{}
44,147,{}
44,148,{}
44,156,{}
44,162,{}
45,52,{}
45,68,{}
45,77,{}
45,78,{}
45,96,{}
45,112,{}
45,116,{}
45,140,{}
45,145,{}
45,151,{}
45,174,{}
45,180,{}
45,197,{}
45,204,{}
45,207,{}
46,48,{}
46,56,{}
46,74,{}
46,90,{}
46,91,{}
46,125,{}
46,131,{}
46,140,{}
46,147,{}
46,150,{}
46,166,{}
46,179,{}
46,218,{}
46,223,{}
46,226,{}
46,233,{}
46,242,{}
47,52,{}
47,62,{}
47,67,{}
47,78,{}
47,82,{}
47,87,{}
47,101,{}
47,119,{}
47,121,{}
47,153,{}
47,171,{}
47,202,{}
47,204,{}
47,205,{}
47,226,{}
47,230,{}
47,234,{}
47,241,{}
48,61,{}
48,73,{}
48,114,{}
48,115,{}
48,117,{}
48,119,{}
48,122,{}
48,154,{}
48,164,{}
48,166,{}
48,171,{}
48,172,{}
48,181,{}
48,184,{}
48,197,{}
48,207,{}
48,215,{}
48,222,{}
48,225,{}
48,228,{}
48,187,{}
49,64,{}
49,67,{}
49,94,{}
49,96,{}
49,102,{}
49,106,{}
49,108,{}
49,119,{}
49,123,{}
49,124,{}
49,134,{}
49,145,{}
49,152,{}
49,160,{}
49,161,{}
49,171,{}
49,176,{}
49,178,{}
49,185,{}
49,198,{}
49,203,{}
49,214,{}
49,224,{}
49,246,{}
49,248,{}
49,249,{}
50,55,{}
50,73,{}
50,84,{}
50,105,{}
50,108,{}
50,131,{}
50,135,{}
50,138,{}
50,145,{}
50,151,{}
50,161,{}
50,163,{}
50,183,{}
50,195,{}
50,209,{}
50,241,{}
50,249,{}
51,58,{}
51,75,{}
51,126,{}
51,151,{}
51,152,{}
51,160,{}
51,163,{}
51,170,{}
51,172,{}
51,187,{}
51,192,{}
51,196,{}
51,207,{}
51,210,{}
51,214,{}
51,217,{}
51,224,{}
51,226,{}
51,233,{}
52,72,{}
52,77,{}
52,91,{}
52,94,{}
52,102,{}
52,112,{}
52,119,{}
52,154,{}
52,159,{}
52,173,{}
52,183,{}
52,186,{}
52,230,{}
52,243,{}
52,246,{}
53,72,{}
53,87,{}
53,101,{}
53,105,{}
53,109,{}
53,127,{}
53,129,{}
53,130,{}
53,138,{}
53,162,{}
53,171,{}
53,174,{}
53,209,{}
53,218,{}
53,228,{}
53,238,{}
53,246,{}
53,248,{}
54,56,{}
54,83,{}
54,86,{}
54,96,{}
54,108,{}
54,118,{}
54,125,{}
54,130,{}
54,132,{}
54,155,{}
54,165,{}
54,208,{}
54,212,{}
54,222,{}
54,236,{}
54,238,{}
55,60,{}
55,61,{}
55,66,{}
55,76,{}
55,96,{}
55,103,{}
55,113,{}
55,129,{}
55,137,{}
55,154,{}
55,165,{}
55,176,{}
55,195,{}
55,196,{}
55,210,{}
55,224,{}
55,242,{}
55,249,{}
56,83,{}
56,84,{}
56,91,{}
56,109,{}
56,118,{}
56,120,{}
56,145,{}
56,146,{}
56,160,{}
56,172,{}
56,191,{}
56,193,{}
56,197,{}
56,208,{}
56,215,{}
56,218,{}
56,223,{}
56,237,{}
57,77,{}
57,80,{}
57,82,{}
57,98,{}
57,100,{}
57,120,{}
57,121,{}
57,129,{}
57,161,{}
57,170,{}
57,210,{}
57,213,{}
57,216,{}
57,248,{}
57,214,{}
58,77,{}
58,78,{}
58,85,{}
58,94,{}
58,109,{}
58,120,{}
58,141,{}
58,142,{}
58,146,{}
58,154,{}
58,156,{}
58,182,{}
58,193,{}
58,198,{}
58,201,{}
58,203,{}
58,210,{}
58,212,{}
58,231,{}
58,247,{}
58,248,{}
59,80,{}
59,95,{}
59,96,{}
59,108,{}
59,146,{}
59,158,{}
59,162,{}
59,177,{}
59,181,{}
59,185,{}
59,197,{}
59,199,{}
59,200,{}
59,209,{}
59,212,{}
59,223,{}
59,230,{}
59,234,{}
59,235,{}
59,242,{}
59,243,{}
60,61,{}
60,66,{}
60,69,{}
60,72,{}
60,87,{}
60,88,{}
60,91,{}
60,96,{}
60,97,{}
60,116,{}
60,125,{}
60,141,{}
60,153,{}
60,162,{}
60,163,{}
60,173,{}
60,187,{}
60,190,{}
60,203,{}
60,207,{}
60,210,{}
60,211,{}
60,216,{}
60,234,{}
60,243,{}
61,65,{}
61,73,{}
61,83,{}
61,89,{}
61,103,{}
61,113,{}
61,127,{}
61,153,{}
61,157,{}
61,199,{}
61,200,{}
61,203,{}
61,207,{}
61,222,{}
61,248,{}
61,249,{}
62,84,{}
62,88,{}
62,91,{}
62,93,{}
62,97,{}
62,108,{}
62,122,{}
62,142,{}
62,163,{}
62,167,{}
62,168,{}
62,187,{}
62,190,{}
62,206,{}
62,215,{}
62,223,{}
62,235,{}
62,242,{}
62,245,{}
63,74,{}
63,75,{}
63,78,{}
63,82,{}
63,95,{}
63,107,{}
63,112,{}
63,135,{}
63,152,{}
63,157,{}
63,199,{}
63,204,{}
63,212,{}
63,219,{}
63,220,{}
63,228,{}
63,230,{}
63,243,{}
63,247,{}
63,249,{}
64,75,{}
64,84,{}
64,90,{}
64,91,{}
64,92,{}
64,95,{}
64,101,{}
64,103,{}
64,108,{}
64,116,{}
64,121,{}
64,146,{}
64,170,{}
64,181,{}
64,196,{}
64,197,{}
64,200,{}
64,202,{}
64,225,{}
64,226,{}
64,229,{}
64,237,{}
65,68,{}
65,71,{}
65,91,{}
65,92,{}
65,126,{}
65,144,{}
65,158,{}
65,163,{}
65,164,{}
65,166,{}
65,171,{}
65,197,{}
65,202,{}
65,216,{}
65,232,{}
65,244,{}
66,82,{}
66,87,{}
66,89,{}
66,132,{}
66,133,{}
66,138,{}
66,150,{}
66,151,{}
66,183,{}
66,195,{}
66,206,{}
66,207,{}
66,212,{}
66,220,{}
66,225,{}
66,230,{}
66,233,{}
67,70,{}
67,75,{}
67,76,{}
67,85,{}
67,97,{}
67,100,{}
67,111,{}
67,112,{}
67,135,{}
67,144,{}
67,160,{}
67,162,{}
67,187,{}
67,192,{}
67,193,{}
67,195,{}
67,197,{}
67,209,{}
67,217,{}
67,220,{}
67,239,{}
67,245,{}
67,246,{}
67,247,{}
68,86,{}
68,144,{}
68,150,{}
68,173,{}
68,182,{}
68,184,{}
68,187,{}
68,190,{}
68,192,{}
68,200,{}
68,210,{}
68,219,{}
68,195,{}
69,71,{}
69,80,{}
69,100,{}
69,103,{}
69,109,{}
69,110,{}
69,129,{}
69,137,{}
69,141,{}
69,142,{}
69,164,{}
69,172,{}
69,187,{}
69,199,{}
69,202,{}
69,203,{}
69,204,{}
69,205,{}
69,208,{}
70,71,{}
70,81,{}
70,88,{}
70,96,{}
70,103,{}
70,104,{}
70,110,{}
70,114,{}
70,117,{}
70,119,{}
70,120,{}
70,136,{}
70,142,{}
70,169,{}
70,175,{}
70,206,{}
70,210,{}
70,211,{}
70,220,{}
70,223,{}
70,229,{}
70,249,{}
71,75,{}
71,78,{}
71,83,{}
71,88,{}
71,114,{}
71,116,{}
71,130,{}
71,140,{}
71,142,{}
71,173,{}
71,184,{}
71,192,{}
71,223,{}
71,236,{}
71,241,{}
72,86,{}
72,90,{}
72,92,{}
72,109,{}
72,117,{}
72,120,{}
72,127,{}
72,179,{}
72,183,{}
72,192,{}
72,197,{}
72,198,{}
72,204,{}
72,214,{}
72,217,{}
72,220,{}
72,222,{}
72,226,{}
73,86,{}
73,97,{}
73,130,{}
73,135,{}
73,153,{}
73,158,{}
73,166,{}
73,188,{}
73,194,{}
73,210,{}
73,215,{}
73,221,{}
73,222,{}
73,223,{}
73,225,{}
73,228,{}
73,235,{}
73,136,{}
74,114,{}
74,118,{}
74,124,{}
74,125,{}
74,135,{}
74,154,{}
74,159,{}
74,162,{}
74,170,{}
74,184,{}
74,206,{}
74,210,{}
74,213,{}
74,226,{}
74,238,{}
74,240,{}
74,241,{}
75,77,{}
75,81,{}
75,85,{}
75,91,{}
75,95,{}
75,98,{}
75,99,{}
75,102,{}
75,104,{}
75,138,{}
75,145,{}
75,172,{}
75,188,{}
75,201,{}
75,209,{}
75,210,{}
75,227,{}
75,229,{}
75,232,{}
75,246,{}
76,89,{}
76,93,{}
76,100,{}
76,103,{}
76,117,{}
76,132,{}
76,134,{}
76,142,{}
76,160,{}
76,165,{}
76,179,{}
76,180,{}
76,199,{}
76,210,{}
76,222,{}
76,229,{}
76,234,{}
76,239,{}
76,247,{}
77,83,{}
77,84,{}
77,95,{}
77,96,{}
77,97,{}
77,98,{}
77,106,{}
77,113,{}
77,117,{}
77,118,{}
77,134,{}
77,154,{}
77,191,{}
77,209,{}
77,219,{}
77,222,{}
77,230,{}
77,235,{}
77,249,{}
78,79,{}
78,81,{}
78,89,{}
78,116,{}
78,138,{}
78,156,{}
78,161,{}
78,162,{}
78,167,{}
78,168,{}
78,196,{}
78,222,{}
78,149,{}
79,101,{}
79,107,{}
79,111,{}
79,115,{}
79,129,{}
79,138,{}
79,139,{}
79,151,{}
79,181,{}
79,207,{}
79,212,{}
79,223,{}
79,235,{}
79,240,{}
79,247,{}
79,248,{}
80,82,{}
80,88,{}
80,90,{}
80,131,{}
80,136,{}
80,138,{}
80,145,{}
80,156,{}
80,157,{}
80,158,{}
80,160,{}
80,164,{}
80,165,{}
80,185,{}
80,188,{}
80,218,{}
80,221,{}
80,237,{}
81,91,{}
81,111,{}
81,118,{}
81,128,{}
81,140,{}
81,143,{}
81,185,{}
81,196,{}
81,243,{}
82,87,{}
82,99,{}
82,120,{}
82,123,{}
82,139,{}
82,167,{}
82,198,{}
82,217,{}
82,237,{}
82,239,{}
82,240,{}
82,246,{}
83,87,{}
83,97,{}
83,102,{}
83,112,{}
83,114,{}
83,125,{}
83,126,{}
83,130,{}
83,156,{}
83,167,{}
83,178,{}
83,182,{}
83,188,{}
83,204,{}
83,224,{}
83,239,{}
83,247,{}
84,85,{}
84,101,{}
84,103,{}
84,112,{}
84,120,{}
84,123,{}
84,147,{}
84,191,{}
84,193,{}
84,209,{}
85,95,{}
85,99,{}
85,112,{}
85,116,{}
85,123,{}
85,147,{}
85,148,{}
85,160,{}
85,204,{}
85,209,{}
85,215,{}
85,227,{}
85,233,{}
85,236,{}
85,243,{}
85,245,{}
85,247,{}
86,101,{}
86,125,{}
86,142,{}
86,155,{}
86,203,{}
86,209,{}
86,213,{}
86,222,{}
86,224,{}
86,231,{}
86,242,{}
86,238,{}
87,93,{}
87,98,{}
87,103,{}
87,108,{}
87,110,{}
87,124,{}
87,128,{}
87,154,{}
87,163,{}
87,170,{}
87,201,{}
87,203,{}
87,207,{}
87,208,{}
87,221,{}
87,231,{}
87,240,{}
88,91,{}
88,93,{}
88,114,{}
88,118,{}
88,123,{}
88,161,{}
88,163,{}
88,165,{}
88,167,{}
88,174,{}
88,181,{}
88,184,{}
88,186,{}
88,205,{}
88,207,{}
88,226,{}
88,243,{}
88,190,{}
89,97,{}
89,102,{}
89,142,{}
89,144,{}
89,155,{}
89,178,{}
89,180,{}
89,196,{}
89,202,{}
89,204,{}
89,207,{}
89,208,{}
89,214,{}
89,229,{}
90,98,{}
90,100,{}
90,105,{}
90,111,{}
90,114,{}
90,118,{}
90,120,{}
90,128,{}
90,135,{}
90,163,{}
90,177,{}
90,180,{}
90,199,{}
90,200,{}
90,204,{}
90,205,{}
90,218,{}
90,219,{}
90,220,{}
90,221,{}
90,226,{}
90,237,{}
90,245,{}
90,247,{}
91,96,{}
91,108,{}
91,121,{}
91,131,{}
91,144,{}
91,163,{}
91,166,{}
91,167,{}
91,176,{}
91,195,{}
91,198,{}
91,201,{}
91,210,{}
91,233,{}
91,236,{}
91,239,{}
91,158,{}
92,110,{}
92,159,{}
92,164,{}
92,167,{}
92,171,{}
92,196,{}
92,198,{}
92,203,{}
92,216,{}
92,221,{}
92,227,{}
92,228,{}
92,243,{}
92,244,{}
93,107,{}
93,113,{}
93,114,{}
93,119,{}
93,138,{}
93,150,{}
93,151,{}
93,155,{}
93,167,{}
93,172,{}
93,173,{}
93,196,{}
93,212,{}
93,217,{}
93,221,{}
93,225,{}
93,248,{}
93,249,{}
94,96,{}
94,127,{}
94,136,{}
94,138,{}
94,151,{}
94,160,{}
94,165,{}
94,167,{}
94,184,{}
94,193,{}
94,196,{}
94,214,{}
94,226,{}
94,249,{}
95,102,{}
95,107,{}
95,115,{}
95,122,{}
95,149,{}
95,165,{}
95,173,{}
95,174,{}
95,187,{}
95,190,{}
95,193,{}
95,197,{}
95,199,{}
95,211,{}
95,212,{}
95,240,{}
96,102,{}
96,122,{}
96,128,{}
96,129,{}
96,148,{}
96,153,{}
96,155,{}
96,178,{}
96,186,{}
96,193,{}
96,195,{}
96,197,{}
96,226,{}
96,245,{}
96,247,{}
96,160,{}
97,114,{}
97,118,{}
97,120,{}
97,122,{}
97,170,{}
97,176,{}
97,199,{}
97,200,{}
97,206,{}
97,219,{}
97,224,{}
97,244,{}
98,99,{}
98,100,{}
98,122,{}
98,128,{}
98,136,{}
98,138,{}
98,152,{}
98,156,{}
98,165,{}
98,178,{}
98,189,{}
98,201,{}
98,203,{}
98,205,{}
98,215,{}
98,219,{}
98,247,{}
99,102,{}
99,109,{}
99,113,{}
99,115,{}
99,129,{}
99,140,{}
99,150,{}
99,153,{}
99,156,{}
99,157,{}
99,158,{}
99,162,{}
99,166,{}
99,173,{}
99,192,{}
99,194,{}
99,209,{}
99,215,{}
99,225,{}
99,232,{}
99,132,{}
100,113,{}
100,120,{}
100,128,{}
100,130,{}
100,134,{}
100,139,{}
100,150,{}
100,156,{}
100,162,{}
100,180,{}
100,193,{}
100,196,{}
100,198,{}
100,222,{}
100,226,{}
100,249,{}
101,103,{}
101,108,{}
101,111,{}
101,115,{}
101,132,{}
101,146,{}
101,154,{}
101,187,{}
101,194,{}
101,208,{}
101,245,{}
102,129,{}
102,187,{}
102,188,{}
102,189,{}
102,212,{}
102,220,{}
102,227,{}
102,235,{}
102,248,{}
102,217,{}
103,110,{}
103,118,{}
103,124,{}
103,141,{}
103,146,{}
103,158,{}
103,170,{}
103,175,{}
103,183,{}
103,184,{}
103,192,{}
103,197,{}
103,217,{}
103,225,{}
103,243,{}
103,249,{}
104,117,{}
104,126,{}
104,128,{}
104,139,{}
104,140,{}
104,147,{}
104,150,{}
104,176,{}
104,181,{}
104,182,{}
104,183,{}
104,193,{}
104,194,{}
104,209,{}
104,216,{}
104,230,{}
104,237,{}
104,244,{}
105,112,{}
105,119,{}
105,144,{}
105,153,{}
105,159,{}
105,162,{}
105,194,{}
105,220,{}
105,223,{}
105,228,{}
105,229,{}
105,235,{}
105,164,{}
106,136,{}
106,155,{}
106,160,{}
106,171,{}
106,174,{}
106,198,{}
106,210,{}
106,217,{}
106,219,{}
106,224,{}
106,225,{}
106,242,{}
107,108,{}
107,116,{}
107,119,{}
107,130,{}
107,134,{}
107,137,{}
107,149,{}
107,173,{}
107,205,{}
107,209,{}
107,230,{}
108,117,{}
108,148,{}
108,151,{}
108,163,{}
108,171,{}
108,192,{}
108,200,{}
108,209,{}
108,211,{}
108,221,{}
108,247,{}
109,111,{}
109,120,{}
109,121,{}
109,157,{}
109,166,{}
109,201,{}
109,213,{}
109,218,{}
109,228,{}
109,230,{}
109,236,{}
110,114,{}
110,128,{}
110,147,{}
110,149,{}
110,160,{}
110,169,{}
110,170,{}
110,189,{}
110,196,{}
110,203,{}
110,208,{}
110,209,{}
110,224,{}
110,231,{}
110,248,{}
111,112,{}
111,118,{}
111,145,{}
111,148,{}
111,150,{}
111,160,{}
111,165,{}
111,168,{}
111,173,{}
111,174,{}
111,181,{}
111,191,{}
111,214,{}
111,221,{}
111,225,{}
111,229,{}
112,113,{}
112,117,{}
112,124,{}
112,131,{}
112,138,{}
112,150,{}
112,164,{}
112,171,{}
112,199,{}
112,203,{}
112,206,{}
112,209,{}
112,212,{}
112,214,{}
112,215,{}
112,231,{}
112,232,{}
112,238,{}
112,247,{}
112,241,{}
113,114,{}
113,116,{}
113,126,{}
113,138,{}
113,141,{}
113,149,{}
113,150,{}
113,155,{}
113,160,{}
113,162,{}
113,166,{}
113,167,{}
113,178,{}
113,193,{}
113,198,{}
113,209,{}
113,216,{}
113,238,{}
113,246,{}
114,118,{}
114,122,{}
114,143,{}
114,149,{}
114,152,{}
114,169,{}
114,171,{}
114,185,{}
114,195,{}
114,224,{}
114,232,{}
114,233,{}
115,128,{}
115,130,{}
115,137,{}
115,145,{}
115,151,{}
115,176,{}
115,182,{}
115,197,{}
115,215,{}
115,217,{}
115,221,{}
115,244,{}
115,247,{}
116,131,{}
116,138,{}
116,145,{}
116,146,{}
116,148,{}
116,150,{}
116,169,{}
116,184,{}
116,188,{}
116,198,{}
116,200,{}
116,224,{}
116,225,{}
116,226,{}
116,239,{}
116,244,{}
116,247,{}
117,127,{}
117,151,{}
117,155,{}
117,157,{}
117,170,{}
117,185,{}
117,190,{}
117,195,{}
117,198,{}
117,210,{}
117,212,{}
117,213,{}
117,226,{}
117,237,{}
117,239,{}
118,121,{}
118,133,{}
118,138,{}
118,144,{}
118,189,{}
118,191,{}
118,197,{}
118,208,{}
118,217,{}
118,229,{}
118,238,{}
118,244,{}
118,247,{}
119,141,{}
119,148,{}
119,161,{}
119,173,{}
119,205,{}
119,210,{}
119,217,{}
119,220,{}
119,221,{}
119,232,{}
119,233,{}
119,239,{}
119,240,{}
119,243,{}
120,133,{}
120,137,{}
120,174,{}
120,181,{}
120,187,{}
120,195,{}
120,204,{}
120,206,{}
120,218,{}
120,219,{}
120,229,{}
121,145,{}
121,149,{}
121,150,{}
121,162,{}
121,164,{}
121,165,{}
121,169,{}
121,189,{}
121,201,{}
121,212,{}
121,218,{}
121,235,{}
121,249,{}
122,129,{}
122,138,{}
122,151,{}
122,183,{}
122,188,{}
122,190,{}
122,192,{}
122,195,{}
122,204,{}
122,205,{}
122,220,{}
122,234,{}
122,244,{}
123,126,{}
123,142,{}
123,155,{}
123,156,{}
123,159,{}
123,164,{}
123,174,{}
123,177,{}
123,183,{}
123,192,{}
123,193,{}
123,201,{}
123,203,{}
123,213,{}
123,214,{}
123,240,{}
123,198,{}
124,126,{}
124,128,{}
124,137,{}
124,138,{}
124,154,{}
124,165,{}
124,174,{}
124,184,{}
124,187,{}
124,199,{}
124,205,{}
124,214,{}
124,217,{}
124,230,{}
124,243,{}
124,170,{}
125,129,{}
125,136,{}
125,143,{}
125,150,{}
125,152,{}
125,155,{}
125,160,{}
125,184,{}
125,201,{}
125,213,{}
125,218,{}
125,235,{}
125,239,{}
125,249,{}
126,128,{}
126,157,{}
126,161,{}
126,177,{}
126,179,{}
126,212,{}
126,221,{}
126,229,{}
126,230,{}
126,233,{}
126,239,{}
127,133,{}
127,141,{}
127,145,{}
127,150,{}
127,151,{}
127,167,{}
127,172,{}
127,193,{}
127,209,{}
127,235,{}
127,242,{}
128,137,{}
128,141,{}
128,157,{}
128,167,{}
128,179,{}
128,183,{}
128,186,{}
128,189,{}
128,196,{}
128,203,{}
128,207,{}
128,218,{}
128,223,{}
128,230,{}
129,149,{}
129,161,{}
129,166,{}
129,171,{}
129,174,{}
129,185,{}
129,191,{}
129,206,{}
129,210,{}
129,223,{}
129,226,{}
130,132,{}
130,146,{}
130,153,{}
130,162,{}
130,167,{}
130,168,{}
130,181,{}
130,188,{}
130,215,{}
130,217,{}
130,228,{}
130,240,{}
130,241,{}
131,141,{}
131,147,{}
131,150,{}
131,151,{}
131,159,{}
131,169,{}
131,170,{}
131,179,{}
131,184,{}
131,198,{}
131,201,{}
131,215,{}
131,243,{}
131,244,{}
132,134,{}
132,142,{}
132,162,{}
132,168,{}
132,199,{}
132,228,{}
132,230,{}
132,236,{}
132,227,{}
133,173,{}
133,175,{}
133,176,{}
133,185,{}
133,205,{}
133,219,{}
133,237,{}
134,146,{}
134,156,{}
134,164,{}
134,167,{}
134,174,{}
134,175,{}
134,176,{}
134,186,{}
134,194,{}
134,218,{}
134,223,{}
134,225,{}
134,244,{}
134,245,{}
134,248,{}
134,206,{}
135,140,{}
135,143,{}
135,155,{}
135,156,{}
135,205,{}
135,209,{}
135,210,{}
135,218,{}
135,224,{}
135,230,{}
135,246,{}
136,157,{}
136,158,{}
136,170,{}
136,176,{}
136,178,{}
136,189,{}
136,200,{}
136,204,{}
136,211,{}
136,215,{}
136,244,{}
137,155,{}
137,184,{}
137,186,{}
137,197,{}
137,198,{}
137,206,{}
137,208,{}
137,209,{}
137,220,{}
138,139,{}
138,143,{}
138,145,{}
138,153,{}
138,178,{}
138,179,{}
138,197,{}
138,220,{}
138,226,{}
138,236,{}
138,238,{}
138,239,{}
138,248,{}
139,140,{}
139,141,{}
139,160,{}
139,168,{}
139,178,{}
139,180,{}
139,194,{}
139,195,{}
139,197,{}
139,198,{}
139,204,{}
139,207,{}
139,221,{}
139,227,{}
139,233,{}
139,239,{}
139,246,{}
140,143,{}
140,164,{}
140,167,{}
140,189,{}
140,190,{}
140,195,{}
140,196,{}
140,212,{}
140,216,{}
140,221,{}
140,235,{}
140,243,{}
141,150,{}
141,152,{}
141,155,{}
141,160,{}
141,166,{}
141,170,{}
141,184,{}
141,200,{}
141,208,{}
141,226,{}
141,231,{}
142,144,{}
142,162,{}
142,168,{}
142,176,{}
142,180,{}
142,191,{}
142,229,{}
142,233,{}
142,237,{}
142,245,{}
143,164,{}
143,171,{}
143,173,{}
143,191,{}
143,232,{}
143,233,{}
143,244,{}
143,177,{}
144,147,{}
144,152,{}
144,161,{}
144,163,{}
144,180,{}
144,190,{}
144,223,{}
144,236,{}
144,245,{}
145,147,{}
145,151,{}
145,175,{}
145,179,{}
145,215,{}
145,232,{}
145,239,{}
145,243,{}
145,246,{}
146,156,{}
146,166,{}
146,169,{}
146,176,{}
146,178,{}
146,180,{}
146,183,{}
146,186,{}
146,215,{}
146,229,{}
146,248,{}
147,158,{}
147,170,{}
147,175,{}
147,177,{}
147,202,{}
147,204,{}
147,214,{}
147,220,{}
147,221,{}
147,228,{}
147,231,{}
147,237,{}
147,240,{}
148,168,{}
148,169,{}
148,174,{}
148,175,{}
148,190,{}
148,209,{}
148,241,{}
148,243,{}
149,157,{}
149,172,{}
149,195,{}
149,203,{}
149,209,{}
149,236,{}
149,246,{}
150,154,{}
150,158,{}
150,162,{}
150,163,{}
150,167,{}
150,180,{}
150,182,{}
150,187,{}
150,189,{}
150,218,{}
150,222,{}
150,239,{}
150,237,{}
151,152,{}
151,163,{}
151,179,{}
151,189,{}
151,198,{}
151,203,{}
151,204,{}
151,219,{}
151,221,{}
151,231,{}
151,245,{}
152,158,{}
152,160,{}
152,165,{}
152,178,{}
152,180,{}
152,219,{}
152,242,{}
153,156,{}
153,158,{}
153,175,{}
153,177,{}
153,188,{}
153,195,{}
153,196,{}
153,214,{}
153,244,{}
154,155,{}
154,183,{}
154,212,{}
154,228,{}
154,229,{}
154,232,{}
155,160,{}
155,161,{}
155,167,{}
155,169,{}
155,181,{}
155,187,{}
155,228,{}
155,249,{}
156,157,{}
156,162,{}
156,163,{}
156,169,{}
156,170,{}
156,180,{}
156,186,{}
156,201,{}
156,214,{}
156,215,{}
156,220,{}
156,245,{}
156,249,{}
157,160,{}
157,166,{}
157,167,{}
157,168,{}
157,211,{}
157,216,{}
157,217,{}
157,230,{}
157,231,{}
157,248,{}
158,186,{}
158,191,{}
158,201,{}
158,210,{}
158,213,{}
158,223,{}
158,236,{}
159,165,{}
159,174,{}
159,195,{}
159,201,{}
159,220,{}
159,230,{}
160,173,{}
160,175,{}
160,188,{}
160,197,{}
160,223,{}
160,232,{}
160,235,{}
160,242,{}
160,244,{}
161,163,{}
161,164,{}
161,173,{}
161,182,{}
161,216,{}
162,177,{}
162,189,{}
162,190,{}
162,213,{}
162,216,{}
162,217,{}
162,226,{}
162,233,{}
162,236,{}
162,241,{}
163,166,{}
163,187,{}
163,195,{}
163,215,{}
163,216,{}
163,226,{}
163,230,{}
163,242,{}
164,165,{}
164,195,{}
164,197,{}
164,199,{}
165,190,{}
165,195,{}
165,212,{}
165,216,{}
165,218,{}
165,237,{}
166,182,{}
166,191,{}
166,195,{}
166,208,{}
166,228,{}
166,230,{}
167,171,{}
167,184,{}
167,214,{}
167,219,{}
167,223,{}
167,228,{}
167,235,{}
167,240,{}
167,244,{}
167,246,{}
168,175,{}
168,188,{}
168,191,{}
168,201,{}
168,205,{}
168,209,{}
168,213,{}
168,229,{}
168,238,{}
169,193,{}
169,196,{}
169,200,{}
169,201,{}
169,202,{}
169,245,{}
169,199,{}
170,173,{}
170,177,{}
170,191,{}
170,202,{}
170,214,{}
170,223,{}
170,226,{}
170,243,{}
170,248,{}
171,181,{}
171,186,{}
171,190,{}
171,195,{}
171,198,{}
171,206,{}
171,212,{}
171,216,{}
171,221,{}
171,238,{}
172,173,{}
172,192,{}
172,195,{}
172,208,{}
172,211,{}
172,216,{}
172,239,{}
172,244,{}
173,189,{}
173,197,{}
173,220,{}
173,231,{}
173,235,{}
173,236,{}
174,183,{}
174,184,{}
174,185,{}
174,194,{}
174,200,{}
174,210,{}
174,211,{}
174,220,{}
174,222,{}
175,176,{}
175,184,{}
175,188,{}
175,193,{}
175,195,{}
175,200,{}
175,217,{}
175,234,{}
175,240,{}
176,192,{}
176,198,{}
176,201,{}
176,224,{}
176,243,{}
176,247,{}
177,181,{}
177,211,{}
177,235,{}
177,243,{}
178,195,{}
178,196,{}
178,225,{}
178,233,{}
178,241,{}
179,209,{}
179,211,{}
179,221,{}
179,222,{}
179,225,{}
179,226,{}
179,230,{}
179,234,{}
179,238,{}
180,183,{}
180,187,{}
180,190,{}
180,191,{}
180,197,{}
180,216,{}
180,225,{}
180,235,{}
180,236,{}
181,191,{}
181,200,{}
181,224,{}
181,229,{}
181,232,{}
182,183,{}
182,187,{}
182,194,{}
182,214,{}
182,247,{}
183,194,{}
183,199,{}
183,200,{}
183,202,{}
183,205,{}
183,210,{}
183,219,{}
183,225,{}
183,230,{}
183,234,{}
183,197,{}
184,194,{}
184,196,{}
184,213,{}
184,219,{}
184,240,{}
184,241,{}
184,242,{}
184,247,{}
185,209,{}
185,225,{}
185,226,{}
185,236,{}
185,237,{}
185,240,{}
186,200,{}
186,206,{}
186,220,{}
186,230,{}
186,232,{}
186,249,{}
186,225,{}
187,236,{}
187,243,{}
188,224,{}
189,191,{}
189,202,{}
189,205,{}
189,231,{}
189,247,{}
189,248,{}
190,198,{}
190,207,{}
190,210,{}
190,214,{}
190,243,{}
190,211,{}
191,205,{}
191,213,{}
191,221,{}
191,227,{}
191,234,{}
191,244,{}
191,248,{}
191,249,{}
192,208,{}
192,217,{}
192,225,{}
192,232,{}
193,211,{}
193,216,{}
193,236,{}
193,237,{}
193,234,{}
194,211,{}
194,226,{}
194,231,{}
194,241,{}
194,244,{}
195,196,{}
195,199,{}
195,212,{}
195,215,{}
195,219,{}
195,228,{}
195,232,{}
195,248,{}
195,208,{}
196,197,{}
196,212,{}
196,216,{}
196,223,{}
196,232,{}
196,238,{}
197,208,{}
197,226,{}
197,239,{}
198,206,{}
198,210,{}
198,216,{}
198,221,{}
198,226,{}
198,230,{}
198,234,{}
198,236,{}
199,247,{}
200,205,{}
200,208,{}
200,212,{}
200,214,{}
200,235,{}
201,204,{}
201,214,{}
201,221,{}
201,245,{}
202,205,{}
202,209,{}
202,230,{}
202,242,{}
203,210,{}
203,248,{}
205,207,{}
205,209,{}
206,223,{}
207,216,{}
207,224,{}
207,229,{}
207,243,{}
208,210,{}
208,211,{}
208,222,{}
208,224,{}
208,227,{}
208,231,{}
208,234,{}
208,237,{}
208,246,{}
209,220,{}
209,238,{}
209,239,{}
210,211,{}
210,216,{}
210,217,{}
210,219,{}
210,220,{}
210,237,{}
210,238,{}
211,218,{}
211,219,{}
211,225,{}
211,249,{}
212,218,{}
212,234,{}
212,236,{}
213,214,{}
213,215,{}
213,224,{}
213,225,{}
213,227,{}
213,231,{}
213,244,{}
213,247,{}
214,229,{}
214,239,{}
215,240,{}
215,249,{}
216,221,{}
216,227,{}
217,218,{}
217,224,{}
217,232,{}
217,236,{}
217,237,{}
217,244,{}
217,248,{}
218,219,{}
218,245,{}
218,247,{}
219,223,{}
220,233,{}
221,242,{}
221,247,{}
222,242,{}
222,248,{}
223,228,{}
223,237,{}
223,245,{}
224,239,{}
225,227,{}
225,232,{}
225,248,{}
226,237,{}
226,246,{}
227,234,{}
227,240,{}
228,249,{}
229,232,{}
230,234,{}
230,240,{}
230,242,{}
230,244,{}
230,247,{}
231,232,{}
231,235,{}
231,244,{}
231,249,{}
232,236,{}
234,240,{}
234,242,{}
234,244,{}
235,237,{}
235,246,{}
236,244,{}
237,242,{}
237,243,{}
237,247,{}
238,245,{}
238,246,{}
239,240,{}
239,247,{}
243,248,{}
243,249,{}
246,248,{}
247,249,{}
